0 0.7716346153846154 0.8149038461538461 0.019230769230769232 0.019230769230769232
0 0.796875 0.8149038461538461 0.015625 0.019230769230769232
0 0.8161057692307693 0.8197115384615384 0.015625 0.02403846153846154
0 0.8401442307692307 0.8185096153846154 0.02403846153846154 0.019230769230769232
0 0.8653846153846154 0.8161057692307693 0.019230769230769232 0.02403846153846154
0 0.8846153846153846 0.8161057692307693 0.019230769230769232 0.02403846153846154
0 0.90625 0.8161057692307693 0.015625 0.02403846153846154
0 0.9507211538461539 0.8197115384615384 0.019230769230769232 0.02403846153846154
0 0.9723557692307693 0.8197115384615384 0.015625 0.02403846153846154
0 0.9879807692307693 0.8221153846153846 0.015625 0.019230769230769232
0 0.8341346153846154 0.5564903846153846 0.027644230769230768 0.019230769230769232
0 0.8846153846153846 0.5588942307692307 0.019230769230769232 0.02403846153846154
0 0.9627403846153846 0.5600961538461539 0.019230769230769232 0.019230769230769232
0 0.9867788461538461 0.5649038461538461 0.019230769230769232 0.019230769230769232