0 0.7716346153846154 0.43990384615384615 0.019230769230769232 0.019230769230769232
0 0.796875 0.43990384615384615 0.015625 0.019230769230769232
0 0.8161057692307693 0.44471153846153844 0.015625 0.02403846153846154
0 0.8401442307692307 0.44350961538461536 0.02403846153846154 0.019230769230769232
0 0.8653846153846154 0.4411057692307692 0.019230769230769232 0.02403846153846154
0 0.8846153846153846 0.4411057692307692 0.019230769230769232 0.02403846153846154
0 0.90625 0.4411057692307692 0.015625 0.02403846153846154
0 0.9507211538461539 0.44471153846153844 0.019230769230769232 0.02403846153846154
0 0.9723557692307693 0.44471153846153844 0.015625 0.02403846153846154
0 0.9879807692307693 0.44711538461538464 0.015625 0.019230769230769232
0 0.8341346153846154 0.1814903846153846 0.027644230769230768 0.019230769230769232
0 0.8846153846153846 0.18389423076923078 0.019230769230769232 0.02403846153846154
0 0.9627403846153846 0.18509615384615385 0.019230769230769232 0.019230769230769232
0 0.9867788461538461 0.18990384615384615 0.019230769230769232 0.019230769230769232
0 0.8125 0.6742788461538461 0.03125 0.019230769230769232
0 0.8617788461538461 0.6754807692307693 0.027644230769230768 0.02403846153846154
0 0.9086538461538461 0.6778846153846154 0.03485576923076923 0.019230769230769232
0 0.9555288461538461 0.6778846153846154 0.019230769230769232 0.019230769230769232
0 0.8245192307692307 0.7223557692307693 0.015625 0.015625
0 0.8617788461538461 0.7223557692307693 0.01201923076923077 0.015625
0 0.9122596153846154 0.7223557692307693 0.01201923076923077 0.015625
0 0.8774038461538461 0.7752403846153846 0.01201923076923077 0.019230769230769232
0 0.9122596153846154 0.8305288461538461 0.01201923076923077 0.019230769230769232
0 0.8533653846153846 0.875 0.019230769230769232 0.015625
0 0.9567307692307693 0.734375 0.015625 0.015625
0 0.9747596153846154 0.7367788461538461 0.01201923076923077 0.019230769230769232
0 0.9903846153846154 0.7379807692307693 0.01201923076923077 0.015625
0 0.9495192307692307 0.8317307692307693 0.015625 0.015625
0 0.9663461538461539 0.8317307692307693 0.01201923076923077 0.015625
0 0.9254807692307693 0.7788461538461539 0.02403846153846154 0.019230769230769232
0 0.96875 0.7788461538461539 0.015625 0.019230769230769232
0 0.953125 0.7872596153846154 0.02403846153846154 0.019230769230769232
0 0.984375 0.78125 0.015625 0.02403846153846154
0 0.9939903846153846 0.78125 0.003605769230769231 0.02403846153846154