0 0.8774038461538461 0.025240384615384616 0.01201923076923077 0.019230769230769232
0 0.9122596153846154 0.08052884615384616 0.01201923076923077 0.019230769230769232
0 0.8533653846153846 0.125 0.019230769230769232 0.015625
0 0.9495192307692307 0.08173076923076923 0.015625 0.015625
0 0.9663461538461539 0.08173076923076923 0.01201923076923077 0.015625
0 0.9254807692307693 0.028846153846153848 0.02403846153846154 0.019230769230769232
0 0.96875 0.028846153846153848 0.015625 0.019230769230769232
0 0.953125 0.037259615384615384 0.02403846153846154 0.019230769230769232
0 0.984375 0.03125 0.015625 0.02403846153846154
0 0.9567307692307693 0.453125 0.015625 0.015625
0 0.9759615384615384 0.46153846153846156 0.015625 0.02403846153846154