0 0.9663461538461539 0.9278846153846154 0.019230769230769232 0.027644230769230768
0 0.9350961538461539 0.9254807692307693 0.019230769230769232 0.02403846153846154
0 0.9002403846153846 0.9242788461538461 0.019230769230769232 0.027644230769230768
0 0.8653846153846154 0.9242788461538461 0.019230769230769232 0.027644230769230768
0 0.8341346153846154 0.9194711538461539 0.019230769230769232 0.027644230769230768
0 0.9783653846153846 0.8497596153846154 0.019230769230769232 0.027644230769230768
0 0.9615384615384616 0.8677884615384616 0.02403846153846154 0.03125
0 0.9435096153846154 0.8461538461538461 0.019230769230769232 0.027644230769230768
0 0.9242788461538461 0.8629807692307693 0.019230769230769232 0.02403846153846154
0 0.9086538461538461 0.84375 0.019230769230769232 0.02403846153846154
0 0.8930288461538461 0.8617788461538461 0.019230769230769232 0.019230769230769232
0 0.8774038461538461 0.8377403846153846 0.027644230769230768 0.027644230769230768
0 0.859375 0.8629807692307693 0.02403846153846154 0.02403846153846154
0 0.8413461538461539 0.8401442307692307 0.019230769230769232 0.015625
0 0.8088942307692307 0.8401442307692307 0.02403846153846154 0.02403846153846154
0 0.828125 0.8617788461538461 0.02403846153846154 0.027644230769230768
0 0.7908653846153846 0.8569711538461539 0.019230769230769232 0.027644230769230768
0 0.7752403846153846 0.8365384615384616 0.019230769230769232 0.03125
0 0.9807692307692307 0.7680288461538461 0.02403846153846154 0.019230769230769232
0 0.9591346153846154 0.7848557692307693 0.019230769230769232 0.02403846153846154
0 0.9302884615384616 0.7836538461538461 0.02403846153846154 0.019230769230769232
0 0.9134615384615384 0.7632211538461539 0.015625 0.019230769230769232
0 0.8942307692307693 0.7836538461538461 0.02403846153846154 0.019230769230769232
0 0.8810096153846154 0.7632211538461539 0.019230769230769232 0.027644230769230768
0 0.8653846153846154 0.7788461538461539 0.01201923076923077 0.019230769230769232
0 0.8473557692307693 0.7596153846153846 0.015625 0.019230769230769232
0 0.8257211538461539 0.78125 0.019230769230769232 0.02403846153846154
0 0.8100961538461539 0.7572115384615384 0.019230769230769232 0.02403846153846154
0 0.7932692307692307 0.7776442307692307 0.02403846153846154 0.015625
0 0.7788461538461539 0.7596153846153846 0.019230769230769232 0.019230769230769232
0 0.7620192307692307 0.7788461538461539 0.02403846153846154 0.019230769230769232
0 0.7463942307692307 0.7572115384615384 0.015625 0.02403846153846154
0 0.7151442307692307 0.7560096153846154 0.015625 0.019230769230769232
0 0.6947115384615384 0.7740384615384616 0.015625 0.02403846153846154
0 0.7307692307692307 0.7776442307692307 0.02403846153846154 0.02403846153846154
0 0.9495192307692307 0.6935096153846154 0.015625 0.027644230769230768
0 0.9158653846153846 0.6838942307692307 0.019230769230769232 0.02403846153846154
0 0.8990384615384616 0.6634615384615384 0.02403846153846154 0.02403846153846154
0 0.45913461538461536 0.9314903846153846 0.027644230769230768 0.019230769230769232
0 0.5096153846153846 0.9338942307692307 0.019230769230769232 0.02403846153846154
0 0.5877403846153846 0.9350961538461539 0.019230769230769232 0.019230769230769232
0 0.6117788461538461 0.9399038461538461 0.019230769230769232 0.019230769230769232
0 0.6382211538461539 0.9350961538461539 0.019230769230769232 0.019230769230769232
0 0.6634615384615384 0.9350961538461539 0.02403846153846154 0.019230769230769232
0 0.7151442307692307 0.9350961538461539 0.02403846153846154 0.019230769230769232