0 0.9375 0.8930288461538461 0.015625 0.019230769230769232
0 0.9447115384615384 0.8774038461538461 0.015625 0.019230769230769232
0 0.9495192307692307 0.8870192307692307 0.007211538461538462 0.015625
0 0.9591346153846154 0.8774038461538461 0.01201923076923077 0.019230769230769232
0 0.9663461538461539 0.8870192307692307 0.01201923076923077 0.015625
0 0.9759615384615384 0.875 0.007211538461538462 0.015625
0 0.9819711538461539 0.8882211538461539 0.01201923076923077 0.019230769230769232
0 0.9338942307692307 0.8365384615384616 0.015625 0.015625
0 0.9411057692307693 0.8257211538461539 0.015625 0.01201923076923077
0 0.9495192307692307 0.8413461538461539 0.015625 0.019230769230769232
0 0.9567307692307693 0.8305288461538461 0.007211538461538462 0.01201923076923077
0 0.9651442307692307 0.84375 0.015625 0.015625
0 0.9783653846153846 0.828125 0.01201923076923077 0.015625
0 0.9879807692307693 0.84375 0.015625 0.015625
0 0.39663461538461536 0.8149038461538461 0.019230769230769232 0.019230769230769232
0 0.421875 0.8149038461538461 0.015625 0.019230769230769232
0 0.4411057692307692 0.8197115384615384 0.015625 0.02403846153846154
0 0.4651442307692308 0.8185096153846154 0.02403846153846154 0.019230769230769232
0 0.49038461538461536 0.8161057692307693 0.019230769230769232 0.02403846153846154
0 0.5096153846153846 0.8161057692307693 0.019230769230769232 0.02403846153846154
0 0.53125 0.8161057692307693 0.015625 0.02403846153846154
0 0.5757211538461539 0.8197115384615384 0.019230769230769232 0.02403846153846154
0 0.5973557692307693 0.8197115384615384 0.015625 0.02403846153846154
0 0.6153846153846154 0.8221153846153846 0.019230769230769232 0.019230769230769232
0 0.6598557692307693 0.8221153846153846 0.015625 0.019230769230769232
0 0.6850961538461539 0.8221153846153846 0.019230769230769232 0.019230769230769232
0 0.7091346153846154 0.8197115384615384 0.019230769230769232 0.015625
0 0.7283653846153846 0.8245192307692307 0.019230769230769232 0.02403846153846154
0 0.75 0.8257211538461539 0.015625 0.019230769230769232
0 0.7740384615384616 0.8257211538461539 0.02403846153846154 0.019230769230769232
0 0.796875 0.828125 0.015625 0.02403846153846154
0 0.8161057692307693 0.8257211538461539 0.015625 0.019230769230769232
0 0.8377403846153846 0.8305288461538461 0.019230769230769232 0.019230769230769232
0 0.8569711538461539 0.8257211538461539 0.019230769230769232 0.019230769230769232
0 0.9651442307692307 0.6370192307692307 0.02403846153846154 0.015625
0 0.9495192307692307 0.6442307692307693 0.015625 0.015625
0 0.9375 0.6310096153846154 0.02403846153846154 0.019230769230769232
0 0.9663461538461539 0.5528846153846154 0.019230769230769232 0.027644230769230768
0 0.9350961538461539 0.5504807692307693 0.019230769230769232 0.02403846153846154
0 0.9002403846153846 0.5492788461538461 0.019230769230769232 0.027644230769230768
0 0.8653846153846154 0.5492788461538461 0.019230769230769232 0.027644230769230768
0 0.8341346153846154 0.5444711538461539 0.019230769230769232 0.027644230769230768
0 0.9783653846153846 0.47475961538461536 0.019230769230769232 0.027644230769230768
0 0.9615384615384616 0.49278846153846156 0.02403846153846154 0.03125
0 0.9435096153846154 0.47115384615384615 0.019230769230769232 0.027644230769230768
0 0.9242788461538461 0.4879807692307692 0.019230769230769232 0.02403846153846154
0 0.9086538461538461 0.46875 0.019230769230769232 0.02403846153846154
0 0.8930288461538461 0.48677884615384615 0.019230769230769232 0.019230769230769232
0 0.8774038461538461 0.46274038461538464 0.027644230769230768 0.027644230769230768
0 0.859375 0.4879807692307692 0.02403846153846154 0.02403846153846154
0 0.8413461538461539 0.4651442307692308 0.019230769230769232 0.015625
0 0.8088942307692307 0.4651442307692308 0.02403846153846154 0.02403846153846154
0 0.828125 0.48677884615384615 0.02403846153846154 0.027644230769230768
0 0.7908653846153846 0.48197115384615385 0.019230769230769232 0.027644230769230768
0 0.7752403846153846 0.46153846153846156 0.019230769230769232 0.03125
0 0.9807692307692307 0.39302884615384615 0.02403846153846154 0.019230769230769232
0 0.9591346153846154 0.4098557692307692 0.019230769230769232 0.02403846153846154
0 0.9302884615384616 0.40865384615384615 0.02403846153846154 0.019230769230769232
0 0.9134615384615384 0.38822115384615385 0.015625 0.019230769230769232
0 0.8942307692307693 0.40865384615384615 0.02403846153846154 0.019230769230769232
0 0.8810096153846154 0.38822115384615385 0.019230769230769232 0.027644230769230768
0 0.8653846153846154 0.40384615384615385 0.01201923076923077 0.019230769230769232
0 0.8473557692307693 0.38461538461538464 0.015625 0.019230769230769232
0 0.8257211538461539 0.40625 0.019230769230769232 0.02403846153846154
0 0.8100961538461539 0.38221153846153844 0.019230769230769232 0.02403846153846154
0 0.7932692307692307 0.4026442307692308 0.02403846153846154 0.015625
0 0.7788461538461539 0.38461538461538464 0.019230769230769232 0.019230769230769232
0 0.7620192307692307 0.40384615384615385 0.02403846153846154 0.019230769230769232
0 0.7463942307692307 0.38221153846153844 0.015625 0.02403846153846154
0 0.7151442307692307 0.38100961538461536 0.015625 0.019230769230769232
0 0.6947115384615384 0.39903846153846156 0.015625 0.02403846153846154
0 0.7307692307692307 0.4026442307692308 0.02403846153846154 0.02403846153846154
0 0.9495192307692307 0.31850961538461536 0.015625 0.027644230769230768
0 0.9158653846153846 0.3088942307692308 0.019230769230769232 0.02403846153846154
0 0.8990384615384616 0.28846153846153844 0.02403846153846154 0.02403846153846154
0 0.45913461538461536 0.5564903846153846 0.027644230769230768 0.019230769230769232
0 0.5096153846153846 0.5588942307692307 0.019230769230769232 0.02403846153846154
0 0.5877403846153846 0.5600961538461539 0.019230769230769232 0.019230769230769232
0 0.6117788461538461 0.5649038461538461 0.019230769230769232 0.019230769230769232
0 0.6382211538461539 0.5600961538461539 0.019230769230769232 0.019230769230769232
0 0.6634615384615384 0.5600961538461539 0.02403846153846154 0.019230769230769232
0 0.7151442307692307 0.5600961538461539 0.02403846153846154 0.019230769230769232