0 0.9375 0.5180288461538461 0.015625 0.019230769230769232
0 0.9447115384615384 0.5024038461538461 0.015625 0.019230769230769232
0 0.9495192307692307 0.5120192307692307 0.007211538461538462 0.015625
0 0.9591346153846154 0.5024038461538461 0.01201923076923077 0.019230769230769232
0 0.9663461538461539 0.5120192307692307 0.01201923076923077 0.015625
0 0.9759615384615384 0.5 0.007211538461538462 0.015625
0 0.9819711538461539 0.5132211538461539 0.01201923076923077 0.019230769230769232
0 0.9338942307692307 0.46153846153846156 0.015625 0.015625
0 0.9411057692307693 0.45072115384615385 0.015625 0.01201923076923077
0 0.9495192307692307 0.46634615384615385 0.015625 0.019230769230769232
0 0.9567307692307693 0.45552884615384615 0.007211538461538462 0.01201923076923077
0 0.9651442307692307 0.46875 0.015625 0.015625
0 0.9783653846153846 0.453125 0.01201923076923077 0.015625
0 0.9879807692307693 0.46875 0.015625 0.015625
0 0.39663461538461536 0.43990384615384615 0.019230769230769232 0.019230769230769232
0 0.421875 0.43990384615384615 0.015625 0.019230769230769232
0 0.4411057692307692 0.44471153846153844 0.015625 0.02403846153846154
0 0.4651442307692308 0.44350961538461536 0.02403846153846154 0.019230769230769232
0 0.49038461538461536 0.4411057692307692 0.019230769230769232 0.02403846153846154
0 0.5096153846153846 0.4411057692307692 0.019230769230769232 0.02403846153846154
0 0.53125 0.4411057692307692 0.015625 0.02403846153846154
0 0.5757211538461539 0.44471153846153844 0.019230769230769232 0.02403846153846154
0 0.5973557692307693 0.44471153846153844 0.015625 0.02403846153846154
0 0.6153846153846154 0.44711538461538464 0.019230769230769232 0.019230769230769232
0 0.6598557692307693 0.44711538461538464 0.015625 0.019230769230769232
0 0.6850961538461539 0.44711538461538464 0.019230769230769232 0.019230769230769232
0 0.7091346153846154 0.44471153846153844 0.019230769230769232 0.015625
0 0.7283653846153846 0.4495192307692308 0.019230769230769232 0.02403846153846154
0 0.75 0.45072115384615385 0.015625 0.019230769230769232
0 0.7740384615384616 0.45072115384615385 0.02403846153846154 0.019230769230769232
0 0.796875 0.453125 0.015625 0.02403846153846154
0 0.8161057692307693 0.45072115384615385 0.015625 0.019230769230769232
0 0.8377403846153846 0.45552884615384615 0.019230769230769232 0.019230769230769232
0 0.8569711538461539 0.45072115384615385 0.019230769230769232 0.019230769230769232
0 0.9651442307692307 0.2620192307692308 0.02403846153846154 0.015625
0 0.9495192307692307 0.2692307692307692 0.015625 0.015625
0 0.9375 0.25600961538461536 0.02403846153846154 0.019230769230769232
0 0.9663461538461539 0.1778846153846154 0.019230769230769232 0.027644230769230768
0 0.9350961538461539 0.17548076923076922 0.019230769230769232 0.02403846153846154
0 0.9002403846153846 0.17427884615384615 0.019230769230769232 0.027644230769230768
0 0.8653846153846154 0.17427884615384615 0.019230769230769232 0.027644230769230768
0 0.8341346153846154 0.16947115384615385 0.019230769230769232 0.027644230769230768
0 0.9783653846153846 0.09975961538461539 0.019230769230769232 0.027644230769230768
0 0.9615384615384616 0.11778846153846154 0.02403846153846154 0.03125
0 0.9435096153846154 0.09615384615384616 0.019230769230769232 0.027644230769230768
0 0.9242788461538461 0.11298076923076923 0.019230769230769232 0.02403846153846154
0 0.9086538461538461 0.09375 0.019230769230769232 0.02403846153846154
0 0.8930288461538461 0.11177884615384616 0.019230769230769232 0.019230769230769232
0 0.8774038461538461 0.08774038461538461 0.027644230769230768 0.027644230769230768
0 0.859375 0.11298076923076923 0.02403846153846154 0.02403846153846154
0 0.8413461538461539 0.09014423076923077 0.019230769230769232 0.015625
0 0.8088942307692307 0.09014423076923077 0.02403846153846154 0.02403846153846154
0 0.828125 0.11177884615384616 0.02403846153846154 0.027644230769230768
0 0.7908653846153846 0.10697115384615384 0.019230769230769232 0.027644230769230768
0 0.7752403846153846 0.08653846153846154 0.019230769230769232 0.03125
0 0.9807692307692307 0.018028846153846152 0.02403846153846154 0.019230769230769232
0 0.9591346153846154 0.03485576923076923 0.019230769230769232 0.02403846153846154
0 0.9302884615384616 0.03365384615384615 0.02403846153846154 0.019230769230769232
0 0.9134615384615384 0.013221153846153846 0.015625 0.019230769230769232
0 0.8942307692307693 0.03365384615384615 0.02403846153846154 0.019230769230769232
0 0.8798076923076923 0.013221153846153846 0.019230769230769232 0.026442307692307692
0 0.8653846153846154 0.028846153846153848 0.01201923076923077 0.019230769230769232
0 0.8473557692307693 0.009615384615384616 0.015625 0.019230769230769232
0 0.8257211538461539 0.03125 0.019230769230769232 0.02403846153846154
0 0.8100961538461539 0.009615384615384616 0.019230769230769232 0.019230769230769232
0 0.7932692307692307 0.027644230769230768 0.02403846153846154 0.015625
0 0.7788461538461539 0.009615384615384616 0.019230769230769232 0.019230769230769232
0 0.7620192307692307 0.028846153846153848 0.02403846153846154 0.019230769230769232
0 0.7463942307692307 0.009615384615384616 0.015625 0.019230769230769232
0 0.7139423076923077 0.007211538461538462 0.014423076923076924 0.014423076923076924
0 0.6947115384615384 0.02403846153846154 0.015625 0.02403846153846154
0 0.7307692307692307 0.027644230769230768 0.02403846153846154 0.02403846153846154
0 0.45913461538461536 0.1814903846153846 0.027644230769230768 0.019230769230769232
0 0.5096153846153846 0.18389423076923078 0.019230769230769232 0.02403846153846154
0 0.5877403846153846 0.18509615384615385 0.019230769230769232 0.019230769230769232
0 0.6117788461538461 0.18990384615384615 0.019230769230769232 0.019230769230769232
0 0.6382211538461539 0.18509615384615385 0.019230769230769232 0.019230769230769232
0 0.6634615384615384 0.18509615384615385 0.02403846153846154 0.019230769230769232
0 0.7151442307692307 0.18509615384615385 0.02403846153846154 0.019230769230769232
0 0.4375 0.6742788461538461 0.03125 0.019230769230769232
0 0.48677884615384615 0.6754807692307693 0.027644230769230768 0.02403846153846154
0 0.5336538461538461 0.6778846153846154 0.03485576923076923 0.019230769230769232
0 0.5805288461538461 0.6778846153846154 0.019230769230769232 0.019230769230769232
0 0.4495192307692308 0.7223557692307693 0.015625 0.015625
0 0.48677884615384615 0.7223557692307693 0.01201923076923077 0.015625
0 0.5372596153846154 0.7223557692307693 0.01201923076923077 0.015625
0 0.5024038461538461 0.7752403846153846 0.01201923076923077 0.019230769230769232
0 0.5372596153846154 0.8305288461538461 0.01201923076923077 0.019230769230769232
0 0.47836538461538464 0.875 0.019230769230769232 0.015625
0 0.5817307692307693 0.734375 0.015625 0.015625
0 0.6274038461538461 0.7223557692307693 0.01201923076923077 0.015625
0 0.5997596153846154 0.7367788461538461 0.01201923076923077 0.019230769230769232
0 0.6153846153846154 0.7379807692307693 0.01201923076923077 0.015625
0 0.6442307692307693 0.7247596153846154 0.015625 0.019230769230769232
0 0.6622596153846154 0.7247596153846154 0.01201923076923077 0.019230769230769232
0 0.7055288461538461 0.7403846153846154 0.019230769230769232 0.019230769230769232
0 0.7127403846153846 0.7319711538461539 0.01201923076923077 0.019230769230769232
0 0.734375 0.7319711538461539 0.015625 0.019230769230769232
0 0.5745192307692307 0.8317307692307693 0.015625 0.015625
0 0.5913461538461539 0.8317307692307693 0.01201923076923077 0.015625
0 0.6274038461538461 0.8317307692307693 0.01201923076923077 0.015625
0 0.6622596153846154 0.8341346153846154 0.01201923076923077 0.019230769230769232
0 0.6814903846153846 0.8341346153846154 0.01201923076923077 0.019230769230769232
0 0.6875 0.7908653846153846 0.015625 0.019230769230769232
0 0.5504807692307693 0.7788461538461539 0.02403846153846154 0.019230769230769232
0 0.59375 0.7788461538461539 0.015625 0.019230769230769232
0 0.578125 0.7872596153846154 0.02403846153846154 0.019230769230769232
0 0.609375 0.78125 0.015625 0.02403846153846154
0 0.625 0.78125 0.015625 0.02403846153846154
0 0.6430288461538461 0.7848557692307693 0.01201923076923077 0.02403846153846154
0 0.6598557692307693 0.7788461538461539 0.015625 0.019230769230769232
0 0.7848557692307693 0.7307692307692307 0.015625 0.02403846153846154
0 0.7680288461538461 0.9314903846153846 0.019230769230769232 0.019230769230769232
0 0.7872596153846154 0.9338942307692307 0.019230769230769232 0.02403846153846154
0 0.8365384615384616 0.7307692307692307 0.015625 0.015625
0 0.84375 0.7439903846153846 0.015625 0.019230769230769232
0 0.8629807692307693 0.7439903846153846 0.02403846153846154 0.019230769230769232