0 0.5024038461538461 0.025240384615384616 0.01201923076923077 0.019230769230769232
0 0.5372596153846154 0.08052884615384616 0.01201923076923077 0.019230769230769232
0 0.47836538461538464 0.125 0.019230769230769232 0.015625
0 0.5745192307692307 0.08173076923076923 0.015625 0.015625
0 0.5913461538461539 0.08173076923076923 0.01201923076923077 0.015625
0 0.6274038461538461 0.08173076923076923 0.01201923076923077 0.015625
0 0.6622596153846154 0.08413461538461539 0.01201923076923077 0.019230769230769232
0 0.6814903846153846 0.08413461538461539 0.01201923076923077 0.019230769230769232
0 0.6875 0.040865384615384616 0.015625 0.019230769230769232
0 0.5504807692307693 0.028846153846153848 0.02403846153846154 0.019230769230769232
0 0.59375 0.028846153846153848 0.015625 0.019230769230769232
0 0.578125 0.037259615384615384 0.02403846153846154 0.019230769230769232
0 0.609375 0.03125 0.015625 0.02403846153846154
0 0.625 0.03125 0.015625 0.02403846153846154
0 0.6430288461538461 0.03485576923076923 0.01201923076923077 0.02403846153846154
0 0.6598557692307693 0.028846153846153848 0.015625 0.019230769230769232
0 0.7680288461538461 0.1814903846153846 0.019230769230769232 0.019230769230769232
0 0.7872596153846154 0.18389423076923078 0.019230769230769232 0.02403846153846154
0 0.7475961538461539 0.32211538461538464 0.019230769230769232 0.03485576923076923
0 0.78125 0.3317307692307692 0.02403846153846154 0.02403846153846154
0 0.7992788461538461 0.33052884615384615 0.01201923076923077 0.027644230769230768
0 0.8413461538461539 0.33653846153846156 0.019230769230769232 0.02403846153846154
0 0.9122596153846154 0.33413461538461536 0.019230769230769232 0.027644230769230768
0 0.5817307692307693 0.453125 0.015625 0.015625
0 0.6009615384615384 0.46153846153846156 0.015625 0.02403846153846154
0 0.6225961538461539 0.46153846153846156 0.019230769230769232 0.02403846153846154
0 0.6442307692307693 0.45913461538461536 0.015625 0.019230769230769232
0 0.6875 0.46274038461538464 0.015625 0.019230769230769232
0 0.7091346153846154 0.46153846153846156 0.01201923076923077 0.015625
0 0.7319711538461539 0.4651442307692308 0.01201923076923077 0.015625
0 0.7475961538461539 0.4651442307692308 0.01201923076923077 0.015625