0 0.9591346153846154 0.9495192307692307 0.019230769230769232 0.03125
0 0.9278846153846154 0.9435096153846154 0.019230769230769232 0.027644230769230768
0 0.8930288461538461 0.9411057692307693 0.019230769230769232 0.02403846153846154
0 0.8653846153846154 0.9375 0.019230769230769232 0.02403846153846154
0 0.8341346153846154 0.9375 0.019230769230769232 0.02403846153846154
0 0.7944711538461539 0.9375 0.019230769230769232 0.02403846153846154
0 0.7632211538461539 0.9314903846153846 0.019230769230769232 0.019230769230769232
0 0.7259615384615384 0.9314903846153846 0.02403846153846154 0.019230769230769232
0 0.6935096153846154 0.9314903846153846 0.019230769230769232 0.019230769230769232
0 0.6598557692307693 0.9302884615384616 0.02403846153846154 0.02403846153846154
0 0.6274038461538461 0.9278846153846154 0.019230769230769232 0.027644230769230768
0 0.5913461538461539 0.9278846153846154 0.019230769230769232 0.027644230769230768
0 0.5600961538461539 0.9254807692307693 0.019230769230769232 0.02403846153846154
0 0.5252403846153846 0.9242788461538461 0.019230769230769232 0.027644230769230768
0 0.49038461538461536 0.9242788461538461 0.019230769230769232 0.027644230769230768
0 0.45913461538461536 0.9194711538461539 0.019230769230769232 0.027644230769230768
0 0.9759615384615384 0.8870192307692307 0.02403846153846154 0.02403846153846154
0 0.9627403846153846 0.8689903846153846 0.019230769230769232 0.019230769230769232
0 0.9447115384615384 0.8870192307692307 0.015625 0.02403846153846154
0 0.9338942307692307 0.8713942307692307 0.015625 0.02403846153846154
0 0.9134615384615384 0.8822115384615384 0.015625 0.02403846153846154
0 0.9002403846153846 0.8677884615384616 0.019230769230769232 0.02403846153846154
0 0.8822115384615384 0.8822115384615384 0.015625 0.02403846153846154
0 0.8689903846153846 0.8653846153846154 0.019230769230769232 0.019230769230769232
0 0.8509615384615384 0.8774038461538461 0.015625 0.019230769230769232
0 0.8365384615384616 0.8629807692307693 0.015625 0.02403846153846154
0 0.8197115384615384 0.8846153846153846 0.015625 0.019230769230769232
0 0.8028846153846154 0.8629807692307693 0.019230769230769232 0.015625
0 0.7560096153846154 0.8725961538461539 0.019230769230769232 0.027644230769230768
0 0.7367788461538461 0.8533653846153846 0.019230769230769232 0.027644230769230768
0 0.7211538461538461 0.8713942307692307 0.019230769230769232 0.02403846153846154
0 0.7055288461538461 0.8509615384615384 0.019230769230769232 0.02403846153846154
0 0.6875 0.8689903846153846 0.02403846153846154 0.027644230769230768
0 0.6694711538461539 0.8533653846153846 0.019230769230769232 0.019230769230769232
0 0.6502403846153846 0.8677884615384616 0.019230769230769232 0.02403846153846154
0 0.6346153846153846 0.8497596153846154 0.019230769230769232 0.019230769230769232
0 0.6213942307692307 0.8653846153846154 0.015625 0.027644230769230768
0 0.6033653846153846 0.8497596153846154 0.019230769230769232 0.027644230769230768
0 0.5865384615384616 0.8677884615384616 0.02403846153846154 0.03125
0 0.5685096153846154 0.8461538461538461 0.019230769230769232 0.027644230769230768
0 0.5492788461538461 0.8629807692307693 0.019230769230769232 0.02403846153846154
0 0.5336538461538461 0.84375 0.019230769230769232 0.02403846153846154
0 0.5180288461538461 0.8617788461538461 0.019230769230769232 0.019230769230769232
0 0.5024038461538461 0.8377403846153846 0.027644230769230768 0.027644230769230768
0 0.484375 0.8629807692307693 0.02403846153846154 0.02403846153846154
0 0.46634615384615385 0.8401442307692307 0.019230769230769232 0.015625
0 0.4338942307692308 0.8401442307692307 0.02403846153846154 0.02403846153846154
0 0.453125 0.8617788461538461 0.02403846153846154 0.027644230769230768
0 0.41586538461538464 0.8569711538461539 0.019230769230769232 0.027644230769230768
0 0.40024038461538464 0.8365384615384616 0.019230769230769232 0.03125
0 0.984375 0.8088942307692307 0.02403846153846154 0.02403846153846154
0 0.953125 0.8088942307692307 0.02403846153846154 0.03125
0 0.9182692307692307 0.8052884615384616 0.015625 0.02403846153846154
0 0.8882211538461539 0.8064903846153846 0.019230769230769232 0.027644230769230768
0 0.7223557692307693 0.7932692307692307 0.015625 0.02403846153846154
0 0.7055288461538461 0.765625 0.019230769230769232 0.015625
0 0.6899038461538461 0.7932692307692307 0.019230769230769232 0.015625
0 0.6742788461538461 0.7680288461538461 0.019230769230769232 0.019230769230769232
0 0.6538461538461539 0.7872596153846154 0.019230769230769232 0.019230769230769232
0 0.640625 0.7692307692307693 0.02403846153846154 0.02403846153846154
0 0.6057692307692307 0.7680288461538461 0.02403846153846154 0.019230769230769232
0 0.6225961538461539 0.7872596153846154 0.019230769230769232 0.019230769230769232
0 0.5841346153846154 0.7848557692307693 0.019230769230769232 0.02403846153846154
0 0.5552884615384616 0.7836538461538461 0.02403846153846154 0.019230769230769232
0 0.5384615384615384 0.7632211538461539 0.015625 0.019230769230769232
0 0.5192307692307693 0.7836538461538461 0.02403846153846154 0.019230769230769232
0 0.5060096153846154 0.7632211538461539 0.019230769230769232 0.027644230769230768
0 0.49038461538461536 0.7788461538461539 0.01201923076923077 0.019230769230769232
0 0.4723557692307692 0.7596153846153846 0.015625 0.019230769230769232
0 0.45072115384615385 0.78125 0.019230769230769232 0.02403846153846154
0 0.43509615384615385 0.7572115384615384 0.019230769230769232 0.02403846153846154
0 0.4182692307692308 0.7776442307692307 0.02403846153846154 0.015625
0 0.40384615384615385 0.7596153846153846 0.019230769230769232 0.019230769230769232
0 0.3870192307692308 0.7788461538461539 0.02403846153846154 0.019230769230769232
0 0.3713942307692308 0.7572115384615384 0.015625 0.02403846153846154
0 0.3401442307692308 0.7560096153846154 0.015625 0.019230769230769232
0 0.31971153846153844 0.7740384615384616 0.015625 0.02403846153846154
0 0.3557692307692308 0.7776442307692307 0.02403846153846154 0.02403846153846154
0 0.7319711538461539 0.6742788461538461 0.019230769230769232 0.027644230769230768
0 0.7151442307692307 0.6935096153846154 0.02403846153846154 0.027644230769230768
0 0.6935096153846154 0.6694711538461539 0.019230769230769232 0.027644230769230768
0 0.6814903846153846 0.6899038461538461 0.019230769230769232 0.019230769230769232
0 0.6430288461538461 0.6935096153846154 0.019230769230769232 0.027644230769230768
0 0.5745192307692307 0.6935096153846154 0.015625 0.027644230769230768
0 0.5408653846153846 0.6838942307692307 0.019230769230769232 0.02403846153846154
0 0.5240384615384616 0.6634615384615384 0.02403846153846154 0.02403846153846154
0 0.08413461538461539 0.9314903846153846 0.027644230769230768 0.019230769230769232
0 0.1346153846153846 0.9338942307692307 0.019230769230769232 0.02403846153846154
0 0.2127403846153846 0.9350961538461539 0.019230769230769232 0.019230769230769232
0 0.23677884615384615 0.9399038461538461 0.019230769230769232 0.019230769230769232
0 0.26322115384615385 0.9350961538461539 0.019230769230769232 0.019230769230769232
0 0.28846153846153844 0.9350961538461539 0.02403846153846154 0.019230769230769232
0 0.3401442307692308 0.9350961538461539 0.02403846153846154 0.019230769230769232