0 0.5625 0.5180288461538461 0.015625 0.019230769230769232
0 0.5697115384615384 0.5024038461538461 0.015625 0.019230769230769232
0 0.5745192307692307 0.5120192307692307 0.007211538461538462 0.015625
0 0.5841346153846154 0.5024038461538461 0.01201923076923077 0.019230769230769232
0 0.5913461538461539 0.5120192307692307 0.01201923076923077 0.015625
0 0.6009615384615384 0.5 0.007211538461538462 0.015625
0 0.6069711538461539 0.5132211538461539 0.01201923076923077 0.019230769230769232
0 0.6213942307692307 0.5036057692307693 0.007211538461538462 0.015625
0 0.6274038461538461 0.5120192307692307 0.01201923076923077 0.015625
0 0.6430288461538461 0.5060096153846154 0.01201923076923077 0.01201923076923077
0 0.6490384615384616 0.515625 0.015625 0.015625
0 0.6598557692307693 0.5060096153846154 0.015625 0.01201923076923077
0 0.6682692307692307 0.5192307692307693 0.015625 0.015625
0 0.6778846153846154 0.5060096153846154 0.01201923076923077 0.01201923076923077
0 0.6838942307692307 0.5192307692307693 0.015625 0.015625
0 0.6971153846153846 0.5036057692307693 0.01201923076923077 0.015625
0 0.7151442307692307 0.5036057692307693 0.015625 0.015625
0 0.7055288461538461 0.5180288461538461 0.01201923076923077 0.019230769230769232
0 0.7223557692307693 0.5216346153846154 0.015625 0.019230769230769232
0 0.7319711538461539 0.5072115384615384 0.01201923076923077 0.015625
0 0.7403846153846154 0.5216346153846154 0.01201923076923077 0.019230769230769232
0 0.75 0.5120192307692307 0.015625 0.015625
0 0.7560096153846154 0.5240384615384616 0.01201923076923077 0.015625
0 0.7692307692307693 0.5120192307692307 0.015625 0.015625
0 0.7788461538461539 0.5252403846153846 0.01201923076923077 0.019230769230769232
0 0.7908653846153846 0.5132211538461539 0.01201923076923077 0.019230769230769232
0 0.8064903846153846 0.5120192307692307 0.01201923076923077 0.015625
0 0.7992788461538461 0.5240384615384616 0.01201923076923077 0.015625
0 0.8149038461538461 0.5192307692307693 0.01201923076923077 0.015625
0 0.8245192307692307 0.5120192307692307 0.015625 0.015625
0 0.8341346153846154 0.5192307692307693 0.01201923076923077 0.015625
0 0.8413461538461539 0.5120192307692307 0.01201923076923077 0.015625
0 0.8509615384615384 0.5240384615384616 0.007211538461538462 0.015625
0 0.8617788461538461 0.5132211538461539 0.01201923076923077 0.01201923076923077
0 0.8713942307692307 0.5216346153846154 0.015625 0.01201923076923077
0 0.8774038461538461 0.5132211538461539 0.01201923076923077 0.01201923076923077
0 0.8882211538461539 0.5252403846153846 0.01201923076923077 0.01201923076923077
0 0.8966346153846154 0.5180288461538461 0.01201923076923077 0.019230769230769232
0 0.90625 0.5252403846153846 0.015625 0.01201923076923077
0 0.9182692307692307 0.515625 0.015625 0.015625
0 0.9254807692307693 0.5276442307692307 0.015625 0.015625
0 0.9338942307692307 0.515625 0.015625 0.015625
0 0.953125 0.515625 0.015625 0.015625
0 0.9435096153846154 0.5276442307692307 0.019230769230769232 0.015625
0 0.9615384615384616 0.5276442307692307 0.015625 0.015625
0 0.96875 0.515625 0.015625 0.015625
0 0.984375 0.5288461538461539 0.015625 0.01201923076923077
0 0.9879807692307693 0.515625 0.015625 0.015625
0 0.8882211538461539 0.5745192307692307 0.01201923076923077 0.015625
0 0.9002403846153846 0.5649038461538461 0.01201923076923077 0.01201923076923077
0 0.9086538461538461 0.5745192307692307 0.01201923076923077 0.015625
0 0.9194711538461539 0.5649038461538461 0.019230769230769232 0.01201923076923077
0 0.9314903846153846 0.5721153846153846 0.01201923076923077 0.01201923076923077
0 0.9399038461538461 0.5661057692307693 0.01201923076923077 0.015625
0 0.9495192307692307 0.578125 0.015625 0.015625
0 0.9615384615384616 0.5649038461538461 0.015625 0.01201923076923077
0 0.9663461538461539 0.578125 0.019230769230769232 0.015625
0 0.9747596153846154 0.5685096153846154 0.01201923076923077 0.019230769230769232
0 0.5588942307692307 0.46153846153846156 0.015625 0.015625
0 0.5661057692307693 0.45072115384615385 0.015625 0.01201923076923077
0 0.5745192307692307 0.46634615384615385 0.015625 0.019230769230769232
0 0.5817307692307693 0.45552884615384615 0.007211538461538462 0.01201923076923077
0 0.5901442307692307 0.46875 0.015625 0.015625
0 0.6033653846153846 0.453125 0.01201923076923077 0.015625
0 0.6129807692307693 0.46875 0.015625 0.015625
0 0.6189903846153846 0.453125 0.01201923076923077 0.015625
0 0.6286057692307693 0.46875 0.007211538461538462 0.015625
0 0.6382211538461539 0.453125 0.01201923076923077 0.015625
0 0.6466346153846154 0.46634615384615385 0.01201923076923077 0.01201923076923077
0 0.6586538461538461 0.4567307692307692 0.01201923076923077 0.015625
0 0.6634615384615384 0.46875 0.015625 0.015625
0 0.6754807692307693 0.46153846153846156 0.015625 0.015625
0 0.6850961538461539 0.46875 0.01201923076923077 0.015625
0 0.6947115384615384 0.45913461538461536 0.015625 0.01201923076923077
0 0.703125 0.4723557692307692 0.007211538461538462 0.015625
0 0.7115384615384616 0.4567307692307692 0.015625 0.015625
0 0.7211538461538461 0.47115384615384615 0.01201923076923077 0.01201923076923077
0 0.7283653846153846 0.45913461538461536 0.01201923076923077 0.019230769230769232
0 0.7379807692307693 0.47115384615384615 0.015625 0.01201923076923077
0 0.7524038461538461 0.45913461538461536 0.01201923076923077 0.01201923076923077
0 0.7572115384615384 0.4723557692307692 0.015625 0.015625
0 0.7692307692307693 0.46153846153846156 0.015625 0.015625
0 0.7776442307692307 0.4723557692307692 0.015625 0.015625
0 0.7872596153846154 0.46274038461538464 0.01201923076923077 0.01201923076923077
0 0.7944711538461539 0.47475961538461536 0.01201923076923077 0.01201923076923077
0 0.8064903846153846 0.46274038461538464 0.01201923076923077 0.019230769230769232
0 0.8149038461538461 0.4723557692307692 0.01201923076923077 0.015625
0 0.8245192307692307 0.4651442307692308 0.015625 0.015625
0 0.8317307692307693 0.47596153846153844 0.015625 0.015625
0 0.8413461538461539 0.46274038461538464 0.01201923076923077 0.01201923076923077
0 0.8509615384615384 0.4723557692307692 0.015625 0.015625
0 0.859375 0.46634615384615385 0.015625 0.019230769230769232
0 0.8677884615384616 0.47475961538461536 0.015625 0.019230769230769232
0 0.8774038461538461 0.4651442307692308 0.01201923076923077 0.015625
0 0.8882211538461539 0.47475961538461536 0.01201923076923077 0.019230769230769232
0 0.8990384615384616 0.4651442307692308 0.007211538461538462 0.015625
0 0.90625 0.47475961538461536 0.015625 0.01201923076923077
0 0.9134615384615384 0.4651442307692308 0.015625 0.015625
0 0.9278846153846154 0.47596153846153844 0.01201923076923077 0.015625
0 0.9350961538461539 0.46634615384615385 0.01201923076923077 0.01201923076923077
0 0.9435096153846154 0.47836538461538464 0.01201923076923077 0.01201923076923077
0 0.9555288461538461 0.46634615384615385 0.01201923076923077 0.01201923076923077
0 0.9615384615384616 0.4807692307692308 0.015625 0.015625
0 0.9723557692307693 0.4723557692307692 0.015625 0.015625
0 0.9783653846153846 0.4807692307692308 0.01201923076923077 0.015625
0 0.7247596153846154 0.41586538461538464 0.01201923076923077 0.01201923076923077
0 0.734375 0.42788461538461536 0.015625 0.019230769230769232
0 0.7439903846153846 0.41947115384615385 0.01201923076923077 0.019230769230769232
0 0.7524038461538461 0.43028846153846156 0.01201923076923077 0.015625
0 0.7632211538461539 0.4182692307692308 0.01201923076923077 0.015625
0 0.7716346153846154 0.42788461538461536 0.01201923076923077 0.01201923076923077
0 0.78125 0.4182692307692308 0.015625 0.015625
0 0.7908653846153846 0.43028846153846156 0.01201923076923077 0.015625
0 0.7992788461538461 0.41947115384615385 0.01201923076923077 0.019230769230769232
0 0.8088942307692307 0.43028846153846156 0.007211538461538462 0.015625
0 0.8185096153846154 0.41586538461538464 0.01201923076923077 0.019230769230769232
0 0.828125 0.43028846153846156 0.015625 0.015625
0 0.8365384615384616 0.4182692307692308 0.015625 0.015625
0 0.8461538461538461 0.43028846153846156 0.01201923076923077 0.015625
0 0.8569711538461539 0.421875 0.01201923076923077 0.015625
0 0.8653846153846154 0.43149038461538464 0.01201923076923077 0.019230769230769232
0 0.8725961538461539 0.421875 0.01201923076923077 0.015625
0 0.8822115384615384 0.4338942307692308 0.007211538461538462 0.015625
0 0.8930288461538461 0.421875 0.01201923076923077 0.015625
0 0.8990384615384616 0.4338942307692308 0.015625 0.015625
0 0.9122596153846154 0.41947115384615385 0.01201923076923077 0.01201923076923077
0 0.9182692307692307 0.4338942307692308 0.015625 0.015625
0 0.9314903846153846 0.41947115384615385 0.01201923076923077 0.01201923076923077
0 0.9399038461538461 0.43149038461538464 0.01201923076923077 0.01201923076923077
0 0.9471153846153846 0.42427884615384615 0.01201923076923077 0.01201923076923077
0 0.9555288461538461 0.43149038461538464 0.01201923076923077 0.01201923076923077
0 0.9651442307692307 0.42427884615384615 0.015625 0.01201923076923077
0 0.9747596153846154 0.43509615384615385 0.01201923076923077 0.019230769230769232
0 0.021634615384615384 0.43990384615384615 0.019230769230769232 0.019230769230769232
0 0.046875 0.43990384615384615 0.015625 0.019230769230769232
0 0.06610576923076923 0.44471153846153844 0.015625 0.02403846153846154
0 0.09014423076923077 0.44350961538461536 0.02403846153846154 0.019230769230769232
0 0.11538461538461539 0.4411057692307692 0.019230769230769232 0.02403846153846154
0 0.1346153846153846 0.4411057692307692 0.019230769230769232 0.02403846153846154
0 0.15625 0.4411057692307692 0.015625 0.02403846153846154
0 0.20072115384615385 0.44471153846153844 0.019230769230769232 0.02403846153846154
0 0.22235576923076922 0.44471153846153844 0.015625 0.02403846153846154
0 0.2403846153846154 0.44711538461538464 0.019230769230769232 0.019230769230769232
0 0.2848557692307692 0.44711538461538464 0.015625 0.019230769230769232
0 0.31009615384615385 0.44711538461538464 0.019230769230769232 0.019230769230769232
0 0.33413461538461536 0.44471153846153844 0.019230769230769232 0.015625
0 0.35336538461538464 0.4495192307692308 0.019230769230769232 0.02403846153846154
0 0.375 0.45072115384615385 0.015625 0.019230769230769232
0 0.39903846153846156 0.45072115384615385 0.02403846153846154 0.019230769230769232
0 0.421875 0.453125 0.015625 0.02403846153846154
0 0.4411057692307692 0.45072115384615385 0.015625 0.019230769230769232
0 0.46274038461538464 0.45552884615384615 0.019230769230769232 0.019230769230769232
0 0.48197115384615385 0.45072115384615385 0.019230769230769232 0.019230769230769232
0 0.6310096153846154 0.32211538461538464 0.019230769230769232 0.019230769230769232
0 0.6586538461538461 0.32211538461538464 0.019230769230769232 0.019230769230769232
0 0.6850961538461539 0.32572115384615385 0.019230769230769232 0.019230769230769232
0 0.7151442307692307 0.33052884615384615 0.015625 0.019230769230769232
0 0.7439903846153846 0.3317307692307692 0.019230769230769232 0.015625
0 0.7716346153846154 0.33653846153846156 0.019230769230769232 0.015625
0 0.7992788461538461 0.33653846153846156 0.019230769230769232 0.015625
0 0.8257211538461539 0.3401442307692308 0.019230769230769232 0.015625
0 0.8533653846153846 0.34134615384615385 0.019230769230769232 0.019230769230769232
0 0.875 0.3473557692307692 0.015625 0.015625
0 0.90625 0.3473557692307692 0.02403846153846154 0.015625
0 0.9567307692307693 0.3473557692307692 0.015625 0.015625
0 0.9903846153846154 0.2932692307692308 0.01201923076923077 0.015625
0 0.9627403846153846 0.28846153846153844 0.019230769230769232 0.015625
0 0.9807692307692307 0.27403846153846156 0.015625 0.02403846153846154
0 0.9555288461538461 0.2692307692307692 0.019230769230769232 0.015625
0 0.9399038461538461 0.2848557692307692 0.019230769230769232 0.015625
0 0.9254807692307693 0.27163461538461536 0.015625 0.019230769230769232
0 0.9122596153846154 0.28725961538461536 0.01201923076923077 0.019230769230769232
0 0.8990384615384616 0.27403846153846156 0.015625 0.015625
0 0.8822115384615384 0.28725961538461536 0.015625 0.01201923076923077
0 0.8689903846153846 0.27163461538461536 0.019230769230769232 0.01201923076923077
0 0.8557692307692307 0.28725961538461536 0.015625 0.01201923076923077
0 0.8401442307692307 0.265625 0.015625 0.015625
0 0.828125 0.28365384615384615 0.02403846153846154 0.01201923076923077
0 0.8100961538461539 0.265625 0.019230769230769232 0.015625
0 0.7884615384615384 0.265625 0.015625 0.015625
0 0.7992788461538461 0.28365384615384615 0.019230769230769232 0.01201923076923077
0 0.7716346153846154 0.28125 0.019230769230769232 0.015625
0 0.7596153846153846 0.2620192307692308 0.019230769230769232 0.015625
0 0.7403846153846154 0.28125 0.019230769230769232 0.015625
0 0.7127403846153846 0.2776442307692308 0.019230769230769232 0.015625
0 0.7307692307692307 0.26322115384615385 0.015625 0.019230769230769232
0 0.7007211538461539 0.26322115384615385 0.019230769230769232 0.01201923076923077
0 0.6742788461538461 0.25961538461538464 0.019230769230769232 0.019230769230769232
0 0.6442307692307693 0.25961538461538464 0.015625 0.019230769230769232
0 0.6189903846153846 0.2620192307692308 0.019230769230769232 0.015625
0 0.5901442307692307 0.2620192307692308 0.02403846153846154 0.015625
0 0.5745192307692307 0.2692307692307692 0.015625 0.015625
0 0.5625 0.25600961538461536 0.02403846153846154 0.019230769230769232
0 0.9591346153846154 0.19951923076923078 0.019230769230769232 0.03125
0 0.9278846153846154 0.1935096153846154 0.019230769230769232 0.027644230769230768
0 0.8930288461538461 0.19110576923076922 0.019230769230769232 0.02403846153846154
0 0.8653846153846154 0.1875 0.019230769230769232 0.02403846153846154
0 0.8341346153846154 0.1875 0.019230769230769232 0.02403846153846154
0 0.7944711538461539 0.1875 0.019230769230769232 0.02403846153846154
0 0.7632211538461539 0.1814903846153846 0.019230769230769232 0.019230769230769232
0 0.7259615384615384 0.1814903846153846 0.02403846153846154 0.019230769230769232
0 0.6935096153846154 0.1814903846153846 0.019230769230769232 0.019230769230769232
0 0.6598557692307693 0.18028846153846154 0.02403846153846154 0.02403846153846154
0 0.6274038461538461 0.1778846153846154 0.019230769230769232 0.027644230769230768
0 0.5913461538461539 0.1778846153846154 0.019230769230769232 0.027644230769230768
0 0.5600961538461539 0.17548076923076922 0.019230769230769232 0.02403846153846154
0 0.5252403846153846 0.17427884615384615 0.019230769230769232 0.027644230769230768
0 0.49038461538461536 0.17427884615384615 0.019230769230769232 0.027644230769230768
0 0.45913461538461536 0.16947115384615385 0.019230769230769232 0.027644230769230768
0 0.9759615384615384 0.13701923076923078 0.02403846153846154 0.02403846153846154
0 0.9627403846153846 0.11899038461538461 0.019230769230769232 0.019230769230769232
0 0.9447115384615384 0.13701923076923078 0.015625 0.02403846153846154
0 0.9338942307692307 0.12139423076923077 0.015625 0.02403846153846154
0 0.9134615384615384 0.13221153846153846 0.015625 0.02403846153846154
0 0.9002403846153846 0.11778846153846154 0.019230769230769232 0.02403846153846154
0 0.8822115384615384 0.13221153846153846 0.015625 0.02403846153846154
0 0.8689903846153846 0.11538461538461539 0.019230769230769232 0.019230769230769232
0 0.8509615384615384 0.12740384615384615 0.015625 0.019230769230769232
0 0.8365384615384616 0.11298076923076923 0.015625 0.02403846153846154
0 0.8197115384615384 0.1346153846153846 0.015625 0.019230769230769232
0 0.8028846153846154 0.11298076923076923 0.019230769230769232 0.015625
0 0.7560096153846154 0.12259615384615384 0.019230769230769232 0.027644230769230768
0 0.7367788461538461 0.10336538461538461 0.019230769230769232 0.027644230769230768
0 0.7211538461538461 0.12139423076923077 0.019230769230769232 0.02403846153846154
0 0.7055288461538461 0.10096153846153846 0.019230769230769232 0.02403846153846154
0 0.6875 0.11899038461538461 0.02403846153846154 0.027644230769230768
0 0.6694711538461539 0.10336538461538461 0.019230769230769232 0.019230769230769232
0 0.6502403846153846 0.11778846153846154 0.019230769230769232 0.02403846153846154
0 0.6346153846153846 0.09975961538461539 0.019230769230769232 0.019230769230769232
0 0.6213942307692307 0.11538461538461539 0.015625 0.027644230769230768
0 0.6033653846153846 0.09975961538461539 0.019230769230769232 0.027644230769230768
0 0.5865384615384616 0.11778846153846154 0.02403846153846154 0.03125
0 0.5685096153846154 0.09615384615384616 0.019230769230769232 0.027644230769230768
0 0.5492788461538461 0.11298076923076923 0.019230769230769232 0.02403846153846154
0 0.5336538461538461 0.09375 0.019230769230769232 0.02403846153846154
0 0.5180288461538461 0.11177884615384616 0.019230769230769232 0.019230769230769232
0 0.5024038461538461 0.08774038461538461 0.027644230769230768 0.027644230769230768
0 0.484375 0.11298076923076923 0.02403846153846154 0.02403846153846154
0 0.46634615384615385 0.09014423076923077 0.019230769230769232 0.015625
0 0.4338942307692308 0.09014423076923077 0.02403846153846154 0.02403846153846154
0 0.453125 0.11177884615384616 0.02403846153846154 0.027644230769230768
0 0.41586538461538464 0.10697115384615384 0.019230769230769232 0.027644230769230768
0 0.40024038461538464 0.08653846153846154 0.019230769230769232 0.03125
0 0.984375 0.05889423076923077 0.02403846153846154 0.02403846153846154
0 0.953125 0.05889423076923077 0.02403846153846154 0.03125
0 0.9182692307692307 0.055288461538461536 0.015625 0.02403846153846154
0 0.8882211538461539 0.056490384615384616 0.019230769230769232 0.027644230769230768
0 0.7223557692307693 0.04326923076923077 0.015625 0.02403846153846154
0 0.7055288461538461 0.015625 0.019230769230769232 0.015625
0 0.6899038461538461 0.04326923076923077 0.019230769230769232 0.015625
0 0.6742788461538461 0.018028846153846152 0.019230769230769232 0.019230769230769232
0 0.6538461538461539 0.037259615384615384 0.019230769230769232 0.019230769230769232
0 0.640625 0.019230769230769232 0.02403846153846154 0.02403846153846154
0 0.6057692307692307 0.018028846153846152 0.02403846153846154 0.019230769230769232
0 0.6225961538461539 0.037259615384615384 0.019230769230769232 0.019230769230769232
0 0.5841346153846154 0.03485576923076923 0.019230769230769232 0.02403846153846154
0 0.5552884615384616 0.03365384615384615 0.02403846153846154 0.019230769230769232
0 0.5384615384615384 0.013221153846153846 0.015625 0.019230769230769232
0 0.5192307692307693 0.03365384615384615 0.02403846153846154 0.019230769230769232
0 0.5048076923076923 0.013221153846153846 0.019230769230769232 0.026442307692307692
0 0.49038461538461536 0.028846153846153848 0.01201923076923077 0.019230769230769232
0 0.4723557692307692 0.009615384615384616 0.015625 0.019230769230769232
0 0.45072115384615385 0.03125 0.019230769230769232 0.02403846153846154
0 0.43509615384615385 0.009615384615384616 0.019230769230769232 0.019230769230769232
0 0.4182692307692308 0.027644230769230768 0.02403846153846154 0.015625
0 0.40384615384615385 0.009615384615384616 0.019230769230769232 0.019230769230769232
0 0.3870192307692308 0.028846153846153848 0.02403846153846154 0.019230769230769232
0 0.3713942307692308 0.009615384615384616 0.015625 0.019230769230769232
0 0.3389423076923077 0.007211538461538462 0.014423076923076924 0.014423076923076924
0 0.31971153846153844 0.02403846153846154 0.015625 0.02403846153846154
0 0.3557692307692308 0.027644230769230768 0.02403846153846154 0.02403846153846154
0 0.08413461538461539 0.1814903846153846 0.027644230769230768 0.019230769230769232
0 0.1346153846153846 0.18389423076923078 0.019230769230769232 0.02403846153846154
0 0.2127403846153846 0.18509615384615385 0.019230769230769232 0.019230769230769232
0 0.23677884615384615 0.18990384615384615 0.019230769230769232 0.019230769230769232
0 0.26322115384615385 0.18509615384615385 0.019230769230769232 0.019230769230769232
0 0.28846153846153844 0.18509615384615385 0.02403846153846154 0.019230769230769232
0 0.3401442307692308 0.18509615384615385 0.02403846153846154 0.019230769230769232
0 0.0625 0.6742788461538461 0.03125 0.019230769230769232
0 0.11177884615384616 0.6754807692307693 0.027644230769230768 0.02403846153846154
0 0.15865384615384615 0.6778846153846154 0.03485576923076923 0.019230769230769232
0 0.20552884615384615 0.6778846153846154 0.019230769230769232 0.019230769230769232
0 0.07451923076923077 0.7223557692307693 0.015625 0.015625
0 0.11177884615384616 0.7223557692307693 0.01201923076923077 0.015625
0 0.1622596153846154 0.7223557692307693 0.01201923076923077 0.015625
0 0.12740384615384615 0.7752403846153846 0.01201923076923077 0.019230769230769232
0 0.1622596153846154 0.8305288461538461 0.01201923076923077 0.019230769230769232
0 0.10336538461538461 0.875 0.019230769230769232 0.015625
0 0.20673076923076922 0.734375 0.015625 0.015625
0 0.25240384615384615 0.7223557692307693 0.01201923076923077 0.015625
0 0.2247596153846154 0.7367788461538461 0.01201923076923077 0.019230769230769232
0 0.2403846153846154 0.7379807692307693 0.01201923076923077 0.015625
0 0.2692307692307692 0.7247596153846154 0.015625 0.019230769230769232
0 0.28725961538461536 0.7247596153846154 0.01201923076923077 0.019230769230769232
0 0.33052884615384615 0.7403846153846154 0.019230769230769232 0.019230769230769232
0 0.33774038461538464 0.7319711538461539 0.01201923076923077 0.019230769230769232
0 0.359375 0.7319711538461539 0.015625 0.019230769230769232
0 0.19951923076923078 0.8317307692307693 0.015625 0.015625
0 0.21634615384615385 0.8317307692307693 0.01201923076923077 0.015625
0 0.25240384615384615 0.8317307692307693 0.01201923076923077 0.015625
0 0.28725961538461536 0.8341346153846154 0.01201923076923077 0.019230769230769232
0 0.30649038461538464 0.8341346153846154 0.01201923076923077 0.019230769230769232
0 0.3125 0.7908653846153846 0.015625 0.019230769230769232
0 0.17548076923076922 0.7788461538461539 0.02403846153846154 0.019230769230769232
0 0.21875 0.7788461538461539 0.015625 0.019230769230769232
0 0.203125 0.7872596153846154 0.02403846153846154 0.019230769230769232
0 0.234375 0.78125 0.015625 0.02403846153846154
0 0.25 0.78125 0.015625 0.02403846153846154
0 0.26802884615384615 0.7848557692307693 0.01201923076923077 0.02403846153846154
0 0.2848557692307692 0.7788461538461539 0.015625 0.019230769230769232
0 0.4098557692307692 0.7307692307692307 0.015625 0.02403846153846154
0 0.39302884615384615 0.9314903846153846 0.019230769230769232 0.019230769230769232
0 0.41225961538461536 0.9338942307692307 0.019230769230769232 0.02403846153846154
0 0.6538461538461539 0.9591346153846154 0.019230769230769232 0.019230769230769232
0 0.6694711538461539 0.9567307692307693 0.01201923076923077 0.02403846153846154
0 0.46153846153846156 0.7307692307692307 0.015625 0.015625
0 0.46875 0.7439903846153846 0.015625 0.019230769230769232
0 0.4879807692307692 0.7439903846153846 0.02403846153846154 0.019230769230769232