0 0.5625 0.14302884615384615 0.015625 0.019230769230769232
0 0.5697115384615384 0.12740384615384615 0.015625 0.019230769230769232
0 0.5745192307692307 0.13701923076923078 0.007211538461538462 0.015625
0 0.5841346153846154 0.12740384615384615 0.01201923076923077 0.019230769230769232
0 0.5913461538461539 0.13701923076923078 0.01201923076923077 0.015625
0 0.6009615384615384 0.125 0.007211538461538462 0.015625
0 0.6069711538461539 0.13822115384615385 0.01201923076923077 0.019230769230769232
0 0.6213942307692307 0.12860576923076922 0.007211538461538462 0.015625
0 0.6274038461538461 0.13701923076923078 0.01201923076923077 0.015625
0 0.6430288461538461 0.1310096153846154 0.01201923076923077 0.01201923076923077
0 0.6490384615384616 0.140625 0.015625 0.015625
0 0.6598557692307693 0.1310096153846154 0.015625 0.01201923076923077
0 0.6682692307692307 0.14423076923076922 0.015625 0.015625
0 0.6778846153846154 0.1310096153846154 0.01201923076923077 0.01201923076923077
0 0.6838942307692307 0.14423076923076922 0.015625 0.015625
0 0.6971153846153846 0.12860576923076922 0.01201923076923077 0.015625
0 0.7151442307692307 0.12860576923076922 0.015625 0.015625
0 0.7055288461538461 0.14302884615384615 0.01201923076923077 0.019230769230769232
0 0.7223557692307693 0.1466346153846154 0.015625 0.019230769230769232
0 0.7319711538461539 0.13221153846153846 0.01201923076923077 0.015625
0 0.7403846153846154 0.1466346153846154 0.01201923076923077 0.019230769230769232
0 0.75 0.13701923076923078 0.015625 0.015625
0 0.7560096153846154 0.14903846153846154 0.01201923076923077 0.015625
0 0.7692307692307693 0.13701923076923078 0.015625 0.015625
0 0.7788461538461539 0.1502403846153846 0.01201923076923077 0.019230769230769232
0 0.7908653846153846 0.13822115384615385 0.01201923076923077 0.019230769230769232
0 0.8064903846153846 0.13701923076923078 0.01201923076923077 0.015625
0 0.7992788461538461 0.14903846153846154 0.01201923076923077 0.015625
0 0.8149038461538461 0.14423076923076922 0.01201923076923077 0.015625
0 0.8245192307692307 0.13701923076923078 0.015625 0.015625
0 0.8341346153846154 0.14423076923076922 0.01201923076923077 0.015625
0 0.8413461538461539 0.13701923076923078 0.01201923076923077 0.015625
0 0.8509615384615384 0.14903846153846154 0.007211538461538462 0.015625
0 0.8617788461538461 0.13822115384615385 0.01201923076923077 0.01201923076923077
0 0.8713942307692307 0.1466346153846154 0.015625 0.01201923076923077
0 0.8774038461538461 0.13822115384615385 0.01201923076923077 0.01201923076923077
0 0.8882211538461539 0.1502403846153846 0.01201923076923077 0.01201923076923077
0 0.8966346153846154 0.14302884615384615 0.01201923076923077 0.019230769230769232
0 0.90625 0.1502403846153846 0.015625 0.01201923076923077
0 0.9182692307692307 0.140625 0.015625 0.015625
0 0.9254807692307693 0.15264423076923078 0.015625 0.015625
0 0.9338942307692307 0.140625 0.015625 0.015625
0 0.953125 0.140625 0.015625 0.015625
0 0.9435096153846154 0.15264423076923078 0.019230769230769232 0.015625
0 0.9615384615384616 0.15264423076923078 0.015625 0.015625
0 0.96875 0.140625 0.015625 0.015625
0 0.984375 0.15384615384615385 0.015625 0.01201923076923077
0 0.9879807692307693 0.140625 0.015625 0.015625
0 0.8882211538461539 0.19951923076923078 0.01201923076923077 0.015625
0 0.9002403846153846 0.18990384615384615 0.01201923076923077 0.01201923076923077
0 0.9086538461538461 0.19951923076923078 0.01201923076923077 0.015625
0 0.9194711538461539 0.18990384615384615 0.019230769230769232 0.01201923076923077
0 0.9314903846153846 0.1971153846153846 0.01201923076923077 0.01201923076923077
0 0.9399038461538461 0.19110576923076922 0.01201923076923077 0.015625
0 0.9495192307692307 0.203125 0.015625 0.015625
0 0.9615384615384616 0.18990384615384615 0.015625 0.01201923076923077
0 0.9663461538461539 0.203125 0.019230769230769232 0.015625
0 0.9747596153846154 0.1935096153846154 0.01201923076923077 0.019230769230769232
0 0.9867788461538461 0.203125 0.01201923076923077 0.015625
0 0.5588942307692307 0.08653846153846154 0.015625 0.015625
0 0.5661057692307693 0.07572115384615384 0.015625 0.01201923076923077
0 0.5745192307692307 0.09134615384615384 0.015625 0.019230769230769232
0 0.5817307692307693 0.08052884615384616 0.007211538461538462 0.01201923076923077
0 0.5901442307692307 0.09375 0.015625 0.015625
0 0.6033653846153846 0.078125 0.01201923076923077 0.015625
0 0.6129807692307693 0.09375 0.015625 0.015625
0 0.6189903846153846 0.078125 0.01201923076923077 0.015625
0 0.6286057692307693 0.09375 0.007211538461538462 0.015625
0 0.6382211538461539 0.078125 0.01201923076923077 0.015625
0 0.6466346153846154 0.09134615384615384 0.01201923076923077 0.01201923076923077
0 0.6586538461538461 0.08173076923076923 0.01201923076923077 0.015625
0 0.6634615384615384 0.09375 0.015625 0.015625
0 0.6754807692307693 0.08653846153846154 0.015625 0.015625
0 0.6850961538461539 0.09375 0.01201923076923077 0.015625
0 0.6947115384615384 0.08413461538461539 0.015625 0.01201923076923077
0 0.703125 0.09735576923076923 0.007211538461538462 0.015625
0 0.7115384615384616 0.08173076923076923 0.015625 0.015625
0 0.7211538461538461 0.09615384615384616 0.01201923076923077 0.01201923076923077
0 0.7283653846153846 0.08413461538461539 0.01201923076923077 0.019230769230769232
0 0.7379807692307693 0.09615384615384616 0.015625 0.01201923076923077
0 0.7524038461538461 0.08413461538461539 0.01201923076923077 0.01201923076923077
0 0.7572115384615384 0.09735576923076923 0.015625 0.015625
0 0.7692307692307693 0.08653846153846154 0.015625 0.015625
0 0.7776442307692307 0.09735576923076923 0.015625 0.015625
0 0.7872596153846154 0.08774038461538461 0.01201923076923077 0.01201923076923077
0 0.7944711538461539 0.09975961538461539 0.01201923076923077 0.01201923076923077
0 0.8064903846153846 0.08774038461538461 0.01201923076923077 0.019230769230769232
0 0.8149038461538461 0.09735576923076923 0.01201923076923077 0.015625
0 0.8245192307692307 0.09014423076923077 0.015625 0.015625
0 0.8317307692307693 0.10096153846153846 0.015625 0.015625
0 0.8413461538461539 0.08774038461538461 0.01201923076923077 0.01201923076923077
0 0.8509615384615384 0.09735576923076923 0.015625 0.015625
0 0.859375 0.09134615384615384 0.015625 0.019230769230769232
0 0.8677884615384616 0.09975961538461539 0.015625 0.019230769230769232
0 0.8774038461538461 0.09014423076923077 0.01201923076923077 0.015625
0 0.8882211538461539 0.09975961538461539 0.01201923076923077 0.019230769230769232
0 0.8990384615384616 0.09014423076923077 0.007211538461538462 0.015625
0 0.90625 0.09975961538461539 0.015625 0.01201923076923077
0 0.9134615384615384 0.09014423076923077 0.015625 0.015625
0 0.9278846153846154 0.10096153846153846 0.01201923076923077 0.015625
0 0.9350961538461539 0.09134615384615384 0.01201923076923077 0.01201923076923077
0 0.9435096153846154 0.10336538461538461 0.01201923076923077 0.01201923076923077
0 0.9555288461538461 0.09134615384615384 0.01201923076923077 0.01201923076923077
0 0.9615384615384616 0.10576923076923077 0.015625 0.015625
0 0.9723557692307693 0.09735576923076923 0.015625 0.015625
0 0.9783653846153846 0.10576923076923077 0.01201923076923077 0.015625
0 0.9903846153846154 0.09735576923076923 0.01201923076923077 0.015625
0 0.7247596153846154 0.040865384615384616 0.01201923076923077 0.01201923076923077
0 0.734375 0.052884615384615384 0.015625 0.019230769230769232
0 0.7439903846153846 0.04447115384615385 0.01201923076923077 0.019230769230769232
0 0.7524038461538461 0.055288461538461536 0.01201923076923077 0.015625
0 0.7632211538461539 0.04326923076923077 0.01201923076923077 0.015625
0 0.7716346153846154 0.052884615384615384 0.01201923076923077 0.01201923076923077
0 0.78125 0.04326923076923077 0.015625 0.015625
0 0.7908653846153846 0.055288461538461536 0.01201923076923077 0.015625
0 0.7992788461538461 0.04447115384615385 0.01201923076923077 0.019230769230769232
0 0.8088942307692307 0.055288461538461536 0.007211538461538462 0.015625
0 0.8185096153846154 0.040865384615384616 0.01201923076923077 0.019230769230769232
0 0.828125 0.055288461538461536 0.015625 0.015625
0 0.8365384615384616 0.04326923076923077 0.015625 0.015625
0 0.8461538461538461 0.055288461538461536 0.01201923076923077 0.015625
0 0.8569711538461539 0.046875 0.01201923076923077 0.015625
0 0.8653846153846154 0.056490384615384616 0.01201923076923077 0.019230769230769232
0 0.8725961538461539 0.046875 0.01201923076923077 0.015625
0 0.8822115384615384 0.05889423076923077 0.007211538461538462 0.015625
0 0.8930288461538461 0.046875 0.01201923076923077 0.015625
0 0.8990384615384616 0.05889423076923077 0.015625 0.015625
0 0.9122596153846154 0.04447115384615385 0.01201923076923077 0.01201923076923077
0 0.9182692307692307 0.05889423076923077 0.015625 0.015625
0 0.9314903846153846 0.04447115384615385 0.01201923076923077 0.01201923076923077
0 0.9399038461538461 0.056490384615384616 0.01201923076923077 0.01201923076923077
0 0.9471153846153846 0.04927884615384615 0.01201923076923077 0.01201923076923077
0 0.9555288461538461 0.056490384615384616 0.01201923076923077 0.01201923076923077
0 0.9651442307692307 0.04927884615384615 0.015625 0.01201923076923077
0 0.9747596153846154 0.06009615384615385 0.01201923076923077 0.019230769230769232
0 0.021634615384615384 0.06490384615384616 0.019230769230769232 0.019230769230769232
0 0.046875 0.06490384615384616 0.015625 0.019230769230769232
0 0.06610576923076923 0.06971153846153846 0.015625 0.02403846153846154
0 0.09014423076923077 0.06850961538461539 0.02403846153846154 0.019230769230769232
0 0.11538461538461539 0.06610576923076923 0.019230769230769232 0.02403846153846154
0 0.1346153846153846 0.06610576923076923 0.019230769230769232 0.02403846153846154
0 0.15625 0.06610576923076923 0.015625 0.02403846153846154
0 0.20072115384615385 0.06971153846153846 0.019230769230769232 0.02403846153846154
0 0.22235576923076922 0.06971153846153846 0.015625 0.02403846153846154
0 0.2403846153846154 0.07211538461538461 0.019230769230769232 0.019230769230769232
0 0.2848557692307692 0.07211538461538461 0.015625 0.019230769230769232
0 0.31009615384615385 0.07211538461538461 0.019230769230769232 0.019230769230769232
0 0.33413461538461536 0.06971153846153846 0.019230769230769232 0.015625
0 0.35336538461538464 0.07451923076923077 0.019230769230769232 0.02403846153846154
0 0.375 0.07572115384615384 0.015625 0.019230769230769232
0 0.39903846153846156 0.07572115384615384 0.02403846153846154 0.019230769230769232
0 0.421875 0.078125 0.015625 0.02403846153846154
0 0.4411057692307692 0.07572115384615384 0.015625 0.019230769230769232
0 0.46274038461538464 0.08052884615384616 0.019230769230769232 0.019230769230769232
0 0.48197115384615385 0.07572115384615384 0.019230769230769232 0.019230769230769232
0 0.0625 0.29927884615384615 0.03125 0.019230769230769232
0 0.11177884615384616 0.3004807692307692 0.027644230769230768 0.02403846153846154
0 0.15865384615384615 0.30288461538461536 0.03485576923076923 0.019230769230769232
0 0.20552884615384615 0.30288461538461536 0.019230769230769232 0.019230769230769232
0 0.07451923076923077 0.3473557692307692 0.015625 0.015625
0 0.11177884615384616 0.3473557692307692 0.01201923076923077 0.015625
0 0.1622596153846154 0.3473557692307692 0.01201923076923077 0.015625
0 0.12740384615384615 0.40024038461538464 0.01201923076923077 0.019230769230769232
0 0.1622596153846154 0.45552884615384615 0.01201923076923077 0.019230769230769232
0 0.10336538461538461 0.5 0.019230769230769232 0.015625
0 0.20673076923076922 0.359375 0.015625 0.015625
0 0.25240384615384615 0.3473557692307692 0.01201923076923077 0.015625
0 0.2247596153846154 0.36177884615384615 0.01201923076923077 0.019230769230769232
0 0.2403846153846154 0.3629807692307692 0.01201923076923077 0.015625
0 0.2692307692307692 0.34975961538461536 0.015625 0.019230769230769232
0 0.28725961538461536 0.34975961538461536 0.01201923076923077 0.019230769230769232
0 0.33052884615384615 0.36538461538461536 0.019230769230769232 0.019230769230769232
0 0.33774038461538464 0.35697115384615385 0.01201923076923077 0.019230769230769232
0 0.359375 0.35697115384615385 0.015625 0.019230769230769232
0 0.19951923076923078 0.4567307692307692 0.015625 0.015625
0 0.21634615384615385 0.4567307692307692 0.01201923076923077 0.015625
0 0.25240384615384615 0.4567307692307692 0.01201923076923077 0.015625
0 0.28725961538461536 0.45913461538461536 0.01201923076923077 0.019230769230769232
0 0.30649038461538464 0.45913461538461536 0.01201923076923077 0.019230769230769232
0 0.3125 0.41586538461538464 0.015625 0.019230769230769232
0 0.17548076923076922 0.40384615384615385 0.02403846153846154 0.019230769230769232
0 0.21875 0.40384615384615385 0.015625 0.019230769230769232
0 0.203125 0.41225961538461536 0.02403846153846154 0.019230769230769232
0 0.234375 0.40625 0.015625 0.02403846153846154
0 0.25 0.40625 0.015625 0.02403846153846154
0 0.26802884615384615 0.4098557692307692 0.01201923076923077 0.02403846153846154
0 0.2848557692307692 0.40384615384615385 0.015625 0.019230769230769232
0 0.4098557692307692 0.3557692307692308 0.015625 0.02403846153846154
0 0.39302884615384615 0.5564903846153846 0.019230769230769232 0.019230769230769232
0 0.41225961538461536 0.5588942307692307 0.019230769230769232 0.02403846153846154
0 0.6538461538461539 0.5841346153846154 0.019230769230769232 0.019230769230769232
0 0.6694711538461539 0.5817307692307693 0.01201923076923077 0.02403846153846154
0 0.6598557692307693 0.6382211538461539 0.015625 0.019230769230769232
0 0.6802884615384616 0.6346153846153846 0.015625 0.01201923076923077
0 0.6971153846153846 0.6322115384615384 0.01201923076923077 0.015625
0 0.7115384615384616 0.6346153846153846 0.015625 0.019230769230769232
0 0.7259615384615384 0.6370192307692307 0.015625 0.02403846153846154
0 0.7740384615384616 0.640625 0.015625 0.015625
0 0.8197115384615384 0.6430288461538461 0.015625 0.019230769230769232
0 0.8942307692307693 0.6466346153846154 0.015625 0.019230769230769232
0 0.6586538461538461 0.6754807692307693 0.01201923076923077 0.015625
0 0.6754807692307693 0.6742788461538461 0.015625 0.019230769230769232
0 0.6899038461538461 0.6754807692307693 0.01201923076923077 0.02403846153846154
0 0.7055288461538461 0.6754807692307693 0.01201923076923077 0.015625
0 0.7211538461538461 0.6778846153846154 0.01201923076923077 0.019230769230769232
0 0.6490384615384616 0.6995192307692307 0.015625 0.015625
0 0.6658653846153846 0.6971153846153846 0.01201923076923077 0.019230769230769232
0 0.7115384615384616 0.7007211538461539 0.015625 0.019230769230769232
0 0.7307692307692307 0.7007211538461539 0.015625 0.019230769230769232
0 0.7439903846153846 0.7007211538461539 0.01201923076923077 0.019230769230769232
0 0.7692307692307693 0.6802884615384616 0.015625 0.015625
0 0.7872596153846154 0.6802884615384616 0.019230769230769232 0.015625
0 0.7992788461538461 0.6778846153846154 0.01201923076923077 0.019230769230769232
0 0.828125 0.6838942307692307 0.015625 0.015625
0 0.7884615384615384 0.7007211538461539 0.015625 0.019230769230769232
0 0.8052884615384616 0.703125 0.015625 0.02403846153846154
0 0.8221153846153846 0.703125 0.01201923076923077 0.02403846153846154
0 0.8653846153846154 0.6778846153846154 0.019230769230769232 0.019230769230769232
0 0.8569711538461539 0.703125 0.019230769230769232 0.015625
0 0.8882211538461539 0.7007211538461539 0.019230769230769232 0.019230769230769232
0 0.90625 0.7055288461538461 0.015625 0.019230769230769232
0 0.9098557692307693 0.6814903846153846 0.015625 0.019230769230769232
0 0.9350961538461539 0.6814903846153846 0.019230769230769232 0.019230769230769232
0 0.46153846153846156 0.3557692307692308 0.015625 0.015625
0 0.46875 0.36899038461538464 0.015625 0.019230769230769232
0 0.4879807692307692 0.36899038461538464 0.02403846153846154 0.019230769230769232
0 0.37259615384615385 0.6971153846153846 0.019230769230769232 0.03485576923076923
0 0.40625 0.7067307692307693 0.02403846153846154 0.02403846153846154
0 0.42427884615384615 0.7055288461538461 0.01201923076923077 0.027644230769230768
0 0.46634615384615385 0.7115384615384616 0.019230769230769232 0.02403846153846154
0 0.5372596153846154 0.7091346153846154 0.019230769230769232 0.027644230769230768
0 0.20673076923076922 0.828125 0.015625 0.015625
0 0.22596153846153846 0.8365384615384616 0.015625 0.02403846153846154
0 0.24759615384615385 0.8365384615384616 0.019230769230769232 0.02403846153846154
0 0.2692307692307692 0.8341346153846154 0.015625 0.019230769230769232
0 0.3125 0.8377403846153846 0.015625 0.019230769230769232
0 0.33413461538461536 0.8365384615384616 0.01201923076923077 0.015625
0 0.35697115384615385 0.8401442307692307 0.01201923076923077 0.015625
0 0.37259615384615385 0.8401442307692307 0.01201923076923077 0.015625