0 0.6177884615384616 0.9471153846153846 0.02403846153846154 0.027644230769230768
0 0.5841346153846154 0.9495192307692307 0.019230769230769232 0.03125
0 0.5528846153846154 0.9435096153846154 0.019230769230769232 0.027644230769230768
0 0.5180288461538461 0.9411057692307693 0.019230769230769232 0.02403846153846154
0 0.49038461538461536 0.9375 0.019230769230769232 0.02403846153846154
0 0.45913461538461536 0.9375 0.019230769230769232 0.02403846153846154
0 0.41947115384615385 0.9375 0.019230769230769232 0.02403846153846154
0 0.38822115384615385 0.9314903846153846 0.019230769230769232 0.019230769230769232
0 0.35096153846153844 0.9314903846153846 0.02403846153846154 0.019230769230769232
0 0.31850961538461536 0.9314903846153846 0.019230769230769232 0.019230769230769232
0 0.2848557692307692 0.9302884615384616 0.02403846153846154 0.02403846153846154
0 0.25240384615384615 0.9278846153846154 0.019230769230769232 0.027644230769230768
0 0.21634615384615385 0.9278846153846154 0.019230769230769232 0.027644230769230768
0 0.18509615384615385 0.9254807692307693 0.019230769230769232 0.02403846153846154
0 0.1502403846153846 0.9242788461538461 0.019230769230769232 0.027644230769230768
0 0.11538461538461539 0.9242788461538461 0.019230769230769232 0.027644230769230768
0 0.08413461538461539 0.9194711538461539 0.019230769230769232 0.027644230769230768
0 0.6189903846153846 0.8713942307692307 0.019230769230769232 0.02403846153846154
0 0.6009615384615384 0.8870192307692307 0.02403846153846154 0.02403846153846154
0 0.5877403846153846 0.8689903846153846 0.019230769230769232 0.019230769230769232
0 0.5697115384615384 0.8870192307692307 0.015625 0.02403846153846154
0 0.5588942307692307 0.8713942307692307 0.015625 0.02403846153846154
0 0.5384615384615384 0.8822115384615384 0.015625 0.02403846153846154
0 0.5252403846153846 0.8677884615384616 0.019230769230769232 0.02403846153846154
0 0.5072115384615384 0.8822115384615384 0.015625 0.02403846153846154
0 0.49399038461538464 0.8653846153846154 0.019230769230769232 0.019230769230769232
0 0.47596153846153844 0.8774038461538461 0.015625 0.019230769230769232
0 0.46153846153846156 0.8629807692307693 0.015625 0.02403846153846154
0 0.44471153846153844 0.8846153846153846 0.015625 0.019230769230769232
0 0.42788461538461536 0.8629807692307693 0.019230769230769232 0.015625
0 0.38100961538461536 0.8725961538461539 0.019230769230769232 0.027644230769230768
0 0.36177884615384615 0.8533653846153846 0.019230769230769232 0.027644230769230768
0 0.34615384615384615 0.8713942307692307 0.019230769230769232 0.02403846153846154
0 0.33052884615384615 0.8509615384615384 0.019230769230769232 0.02403846153846154
0 0.3125 0.8689903846153846 0.02403846153846154 0.027644230769230768
0 0.29447115384615385 0.8533653846153846 0.019230769230769232 0.019230769230769232
0 0.27524038461538464 0.8677884615384616 0.019230769230769232 0.02403846153846154
0 0.25961538461538464 0.8497596153846154 0.019230769230769232 0.019230769230769232
0 0.24639423076923078 0.8653846153846154 0.015625 0.027644230769230768
0 0.2283653846153846 0.8497596153846154 0.019230769230769232 0.027644230769230768
0 0.21153846153846154 0.8677884615384616 0.02403846153846154 0.03125
0 0.1935096153846154 0.8461538461538461 0.019230769230769232 0.027644230769230768
0 0.17427884615384615 0.8629807692307693 0.019230769230769232 0.02403846153846154
0 0.15865384615384615 0.84375 0.019230769230769232 0.02403846153846154
0 0.14302884615384615 0.8617788461538461 0.019230769230769232 0.019230769230769232
0 0.12740384615384615 0.8377403846153846 0.027644230769230768 0.027644230769230768
0 0.109375 0.8629807692307693 0.02403846153846154 0.02403846153846154
0 0.09134615384615384 0.8401442307692307 0.019230769230769232 0.015625
0 0.05889423076923077 0.8401442307692307 0.02403846153846154 0.02403846153846154
0 0.078125 0.8617788461538461 0.02403846153846154 0.027644230769230768
0 0.040865384615384616 0.8569711538461539 0.019230769230769232 0.027644230769230768
0 0.025240384615384616 0.8365384615384616 0.019230769230769232 0.03125
0 0.609375 0.8088942307692307 0.02403846153846154 0.02403846153846154
0 0.578125 0.8088942307692307 0.02403846153846154 0.03125
0 0.5432692307692307 0.8052884615384616 0.015625 0.02403846153846154
0 0.5132211538461539 0.8064903846153846 0.019230769230769232 0.027644230769230768
0 0.3473557692307692 0.7932692307692307 0.015625 0.02403846153846154
0 0.33052884615384615 0.765625 0.019230769230769232 0.015625
0 0.31490384615384615 0.7932692307692307 0.019230769230769232 0.015625
0 0.29927884615384615 0.7680288461538461 0.019230769230769232 0.019230769230769232
0 0.27884615384615385 0.7872596153846154 0.019230769230769232 0.019230769230769232
0 0.265625 0.7692307692307693 0.02403846153846154 0.02403846153846154
0 0.23076923076923078 0.7680288461538461 0.02403846153846154 0.019230769230769232
0 0.24759615384615385 0.7872596153846154 0.019230769230769232 0.019230769230769232
0 0.2091346153846154 0.7848557692307693 0.019230769230769232 0.02403846153846154
0 0.18028846153846154 0.7836538461538461 0.02403846153846154 0.019230769230769232
0 0.16346153846153846 0.7632211538461539 0.015625 0.019230769230769232
0 0.14423076923076922 0.7836538461538461 0.02403846153846154 0.019230769230769232
0 0.1310096153846154 0.7632211538461539 0.019230769230769232 0.027644230769230768
0 0.11538461538461539 0.7788461538461539 0.01201923076923077 0.019230769230769232
0 0.09735576923076923 0.7596153846153846 0.015625 0.019230769230769232
0 0.07572115384615384 0.78125 0.019230769230769232 0.02403846153846154
0 0.06009615384615385 0.7572115384615384 0.019230769230769232 0.02403846153846154
0 0.04326923076923077 0.7776442307692307 0.02403846153846154 0.015625
0 0.028846153846153848 0.7596153846153846 0.019230769230769232 0.019230769230769232
0 0.01201923076923077 0.7788461538461539 0.02403846153846154 0.019230769230769232
0 0.35697115384615385 0.6742788461538461 0.019230769230769232 0.027644230769230768
0 0.3401442307692308 0.6935096153846154 0.02403846153846154 0.027644230769230768
0 0.31850961538461536 0.6694711538461539 0.019230769230769232 0.027644230769230768
0 0.30649038461538464 0.6899038461538461 0.019230769230769232 0.019230769230769232
0 0.26802884615384615 0.6935096153846154 0.019230769230769232 0.027644230769230768
0 0.19951923076923078 0.6935096153846154 0.015625 0.027644230769230768
0 0.1658653846153846 0.6838942307692307 0.019230769230769232 0.02403846153846154
0 0.14903846153846154 0.6634615384615384 0.02403846153846154 0.02403846153846154