0 0.1875 0.14302884615384615 0.015625 0.019230769230769232
0 0.19471153846153846 0.12740384615384615 0.015625 0.019230769230769232
0 0.19951923076923078 0.13701923076923078 0.007211538461538462 0.015625
0 0.2091346153846154 0.12740384615384615 0.01201923076923077 0.019230769230769232
0 0.21634615384615385 0.13701923076923078 0.01201923076923077 0.015625
0 0.22596153846153846 0.125 0.007211538461538462 0.015625
0 0.23197115384615385 0.13822115384615385 0.01201923076923077 0.019230769230769232
0 0.24639423076923078 0.12860576923076922 0.007211538461538462 0.015625
0 0.25240384615384615 0.13701923076923078 0.01201923076923077 0.015625
0 0.26802884615384615 0.1310096153846154 0.01201923076923077 0.01201923076923077
0 0.27403846153846156 0.140625 0.015625 0.015625
0 0.2848557692307692 0.1310096153846154 0.015625 0.01201923076923077
0 0.2932692307692308 0.14423076923076922 0.015625 0.015625
0 0.30288461538461536 0.1310096153846154 0.01201923076923077 0.01201923076923077
0 0.3088942307692308 0.14423076923076922 0.015625 0.015625
0 0.32211538461538464 0.12860576923076922 0.01201923076923077 0.015625
0 0.3401442307692308 0.12860576923076922 0.015625 0.015625
0 0.33052884615384615 0.14302884615384615 0.01201923076923077 0.019230769230769232
0 0.3473557692307692 0.1466346153846154 0.015625 0.019230769230769232
0 0.35697115384615385 0.13221153846153846 0.01201923076923077 0.015625
0 0.36538461538461536 0.1466346153846154 0.01201923076923077 0.019230769230769232
0 0.375 0.13701923076923078 0.015625 0.015625
0 0.38100961538461536 0.14903846153846154 0.01201923076923077 0.015625
0 0.3942307692307692 0.13701923076923078 0.015625 0.015625
0 0.40384615384615385 0.1502403846153846 0.01201923076923077 0.019230769230769232
0 0.41586538461538464 0.13822115384615385 0.01201923076923077 0.019230769230769232
0 0.43149038461538464 0.13701923076923078 0.01201923076923077 0.015625
0 0.42427884615384615 0.14903846153846154 0.01201923076923077 0.015625
0 0.43990384615384615 0.14423076923076922 0.01201923076923077 0.015625
0 0.4495192307692308 0.13701923076923078 0.015625 0.015625
0 0.45913461538461536 0.14423076923076922 0.01201923076923077 0.015625
0 0.46634615384615385 0.13701923076923078 0.01201923076923077 0.015625
0 0.47596153846153844 0.14903846153846154 0.007211538461538462 0.015625
0 0.48677884615384615 0.13822115384615385 0.01201923076923077 0.01201923076923077
0 0.4963942307692308 0.1466346153846154 0.015625 0.01201923076923077
0 0.5024038461538461 0.13822115384615385 0.01201923076923077 0.01201923076923077
0 0.5132211538461539 0.1502403846153846 0.01201923076923077 0.01201923076923077
0 0.5216346153846154 0.14302884615384615 0.01201923076923077 0.019230769230769232
0 0.53125 0.1502403846153846 0.015625 0.01201923076923077
0 0.5432692307692307 0.140625 0.015625 0.015625
0 0.5504807692307693 0.15264423076923078 0.015625 0.015625
0 0.5588942307692307 0.140625 0.015625 0.015625
0 0.578125 0.140625 0.015625 0.015625
0 0.5685096153846154 0.15264423076923078 0.019230769230769232 0.015625
0 0.5865384615384616 0.15264423076923078 0.015625 0.015625
0 0.59375 0.140625 0.015625 0.015625
0 0.609375 0.15384615384615385 0.015625 0.01201923076923077
0 0.6129807692307693 0.140625 0.015625 0.015625
0 0.6225961538461539 0.15264423076923078 0.019230769230769232 0.015625
0 0.6322115384615384 0.14302884615384615 0.015625 0.019230769230769232
0 0.5132211538461539 0.19951923076923078 0.01201923076923077 0.015625
0 0.5252403846153846 0.18990384615384615 0.01201923076923077 0.01201923076923077
0 0.5336538461538461 0.19951923076923078 0.01201923076923077 0.015625
0 0.5444711538461539 0.18990384615384615 0.019230769230769232 0.01201923076923077
0 0.5564903846153846 0.1971153846153846 0.01201923076923077 0.01201923076923077
0 0.5649038461538461 0.19110576923076922 0.01201923076923077 0.015625
0 0.5745192307692307 0.203125 0.015625 0.015625
0 0.5865384615384616 0.18990384615384615 0.015625 0.01201923076923077
0 0.5913461538461539 0.203125 0.019230769230769232 0.015625
0 0.5997596153846154 0.1935096153846154 0.01201923076923077 0.019230769230769232
0 0.6117788461538461 0.203125 0.01201923076923077 0.015625
0 0.6189903846153846 0.18990384615384615 0.01201923076923077 0.01201923076923077
0 0.6274038461538461 0.203125 0.01201923076923077 0.015625
0 0.6370192307692307 0.1935096153846154 0.015625 0.01201923076923077
0 0.18389423076923078 0.08653846153846154 0.015625 0.015625
0 0.19110576923076922 0.07572115384615384 0.015625 0.01201923076923077
0 0.19951923076923078 0.09134615384615384 0.015625 0.019230769230769232
0 0.20673076923076922 0.08052884615384616 0.007211538461538462 0.01201923076923077
0 0.21514423076923078 0.09375 0.015625 0.015625
0 0.2283653846153846 0.078125 0.01201923076923077 0.015625
0 0.23798076923076922 0.09375 0.015625 0.015625
0 0.2439903846153846 0.078125 0.01201923076923077 0.015625
0 0.2536057692307692 0.09375 0.007211538461538462 0.015625
0 0.26322115384615385 0.078125 0.01201923076923077 0.015625
0 0.27163461538461536 0.09134615384615384 0.01201923076923077 0.01201923076923077
0 0.28365384615384615 0.08173076923076923 0.01201923076923077 0.015625
0 0.28846153846153844 0.09375 0.015625 0.015625
0 0.3004807692307692 0.08653846153846154 0.015625 0.015625
0 0.31009615384615385 0.09375 0.01201923076923077 0.015625
0 0.31971153846153844 0.08413461538461539 0.015625 0.01201923076923077
0 0.328125 0.09735576923076923 0.007211538461538462 0.015625
0 0.33653846153846156 0.08173076923076923 0.015625 0.015625
0 0.34615384615384615 0.09615384615384616 0.01201923076923077 0.01201923076923077
0 0.35336538461538464 0.08413461538461539 0.01201923076923077 0.019230769230769232
0 0.3629807692307692 0.09615384615384616 0.015625 0.01201923076923077
0 0.37740384615384615 0.08413461538461539 0.01201923076923077 0.01201923076923077
0 0.38221153846153844 0.09735576923076923 0.015625 0.015625
0 0.3942307692307692 0.08653846153846154 0.015625 0.015625
0 0.4026442307692308 0.09735576923076923 0.015625 0.015625
0 0.41225961538461536 0.08774038461538461 0.01201923076923077 0.01201923076923077
0 0.41947115384615385 0.09975961538461539 0.01201923076923077 0.01201923076923077
0 0.43149038461538464 0.08774038461538461 0.01201923076923077 0.019230769230769232
0 0.43990384615384615 0.09735576923076923 0.01201923076923077 0.015625
0 0.4495192307692308 0.09014423076923077 0.015625 0.015625
0 0.4567307692307692 0.10096153846153846 0.015625 0.015625
0 0.46634615384615385 0.08774038461538461 0.01201923076923077 0.01201923076923077
0 0.47596153846153844 0.09735576923076923 0.015625 0.015625
0 0.484375 0.09134615384615384 0.015625 0.019230769230769232
0 0.49278846153846156 0.09975961538461539 0.015625 0.019230769230769232
0 0.5024038461538461 0.09014423076923077 0.01201923076923077 0.015625
0 0.5132211538461539 0.09975961538461539 0.01201923076923077 0.019230769230769232
0 0.5240384615384616 0.09014423076923077 0.007211538461538462 0.015625
0 0.53125 0.09975961538461539 0.015625 0.01201923076923077
0 0.5384615384615384 0.09014423076923077 0.015625 0.015625
0 0.5528846153846154 0.10096153846153846 0.01201923076923077 0.015625
0 0.5600961538461539 0.09134615384615384 0.01201923076923077 0.01201923076923077
0 0.5685096153846154 0.10336538461538461 0.01201923076923077 0.01201923076923077
0 0.5805288461538461 0.09134615384615384 0.01201923076923077 0.01201923076923077
0 0.5865384615384616 0.10576923076923077 0.015625 0.015625
0 0.5973557692307693 0.09735576923076923 0.015625 0.015625
0 0.6033653846153846 0.10576923076923077 0.01201923076923077 0.015625
0 0.6153846153846154 0.09735576923076923 0.01201923076923077 0.015625
0 0.6225961538461539 0.10697115384615384 0.01201923076923077 0.019230769230769232
0 0.6346153846153846 0.09735576923076923 0.01201923076923077 0.015625
0 0.34975961538461536 0.040865384615384616 0.01201923076923077 0.01201923076923077
0 0.359375 0.052884615384615384 0.015625 0.019230769230769232
0 0.36899038461538464 0.04447115384615385 0.01201923076923077 0.019230769230769232
0 0.37740384615384615 0.055288461538461536 0.01201923076923077 0.015625
0 0.38822115384615385 0.04326923076923077 0.01201923076923077 0.015625
0 0.39663461538461536 0.052884615384615384 0.01201923076923077 0.01201923076923077
0 0.40625 0.04326923076923077 0.015625 0.015625
0 0.41586538461538464 0.055288461538461536 0.01201923076923077 0.015625
0 0.42427884615384615 0.04447115384615385 0.01201923076923077 0.019230769230769232
0 0.4338942307692308 0.055288461538461536 0.007211538461538462 0.015625
0 0.44350961538461536 0.040865384615384616 0.01201923076923077 0.019230769230769232
0 0.453125 0.055288461538461536 0.015625 0.015625
0 0.46153846153846156 0.04326923076923077 0.015625 0.015625
0 0.47115384615384615 0.055288461538461536 0.01201923076923077 0.015625
0 0.48197115384615385 0.046875 0.01201923076923077 0.015625
0 0.49038461538461536 0.056490384615384616 0.01201923076923077 0.019230769230769232
0 0.49759615384615385 0.046875 0.01201923076923077 0.015625
0 0.5072115384615384 0.05889423076923077 0.007211538461538462 0.015625
0 0.5180288461538461 0.046875 0.01201923076923077 0.015625
0 0.5240384615384616 0.05889423076923077 0.015625 0.015625
0 0.5372596153846154 0.04447115384615385 0.01201923076923077 0.01201923076923077
0 0.5432692307692307 0.05889423076923077 0.015625 0.015625
0 0.5564903846153846 0.04447115384615385 0.01201923076923077 0.01201923076923077
0 0.5649038461538461 0.056490384615384616 0.01201923076923077 0.01201923076923077
0 0.5721153846153846 0.04927884615384615 0.01201923076923077 0.01201923076923077
0 0.5805288461538461 0.056490384615384616 0.01201923076923077 0.01201923076923077
0 0.5901442307692307 0.04927884615384615 0.015625 0.01201923076923077
0 0.5997596153846154 0.06009615384615385 0.01201923076923077 0.019230769230769232
0 0.02403846153846154 0.07572115384615384 0.02403846153846154 0.019230769230769232
0 0.046875 0.078125 0.015625 0.02403846153846154
0 0.06610576923076923 0.07572115384615384 0.015625 0.019230769230769232
0 0.08774038461538461 0.08052884615384616 0.019230769230769232 0.019230769230769232
0 0.10697115384615384 0.07572115384615384 0.019230769230769232 0.019230769230769232
0 0.03485576923076923 0.3557692307692308 0.015625 0.02403846153846154
0 0.018028846153846152 0.5564903846153846 0.019230769230769232 0.019230769230769232
0 0.037259615384615384 0.5588942307692307 0.019230769230769232 0.02403846153846154
0 0.27884615384615385 0.5841346153846154 0.019230769230769232 0.019230769230769232
0 0.29447115384615385 0.5817307692307693 0.01201923076923077 0.02403846153846154
0 0.2848557692307692 0.6382211538461539 0.015625 0.019230769230769232
0 0.30528846153846156 0.6346153846153846 0.015625 0.01201923076923077
0 0.32211538461538464 0.6322115384615384 0.01201923076923077 0.015625
0 0.33653846153846156 0.6346153846153846 0.015625 0.019230769230769232
0 0.35096153846153844 0.6370192307692307 0.015625 0.02403846153846154
0 0.39903846153846156 0.640625 0.015625 0.015625
0 0.44471153846153844 0.6430288461538461 0.015625 0.019230769230769232
0 0.5192307692307693 0.6466346153846154 0.015625 0.019230769230769232
0 0.28365384615384615 0.6754807692307693 0.01201923076923077 0.015625
0 0.3004807692307692 0.6742788461538461 0.015625 0.019230769230769232
0 0.31490384615384615 0.6754807692307693 0.01201923076923077 0.02403846153846154
0 0.33052884615384615 0.6754807692307693 0.01201923076923077 0.015625
0 0.34615384615384615 0.6778846153846154 0.01201923076923077 0.019230769230769232
0 0.27403846153846156 0.6995192307692307 0.015625 0.015625
0 0.29086538461538464 0.6971153846153846 0.01201923076923077 0.019230769230769232
0 0.33653846153846156 0.7007211538461539 0.015625 0.019230769230769232
0 0.3557692307692308 0.7007211538461539 0.015625 0.019230769230769232
0 0.36899038461538464 0.7007211538461539 0.01201923076923077 0.019230769230769232
0 0.3942307692307692 0.6802884615384616 0.015625 0.015625
0 0.41225961538461536 0.6802884615384616 0.019230769230769232 0.015625
0 0.42427884615384615 0.6778846153846154 0.01201923076923077 0.019230769230769232
0 0.453125 0.6838942307692307 0.015625 0.015625
0 0.41346153846153844 0.7007211538461539 0.015625 0.019230769230769232
0 0.43028846153846156 0.703125 0.015625 0.02403846153846154
0 0.44711538461538464 0.703125 0.01201923076923077 0.02403846153846154
0 0.49038461538461536 0.6778846153846154 0.019230769230769232 0.019230769230769232
0 0.48197115384615385 0.703125 0.019230769230769232 0.015625
0 0.5132211538461539 0.7007211538461539 0.019230769230769232 0.019230769230769232
0 0.53125 0.7055288461538461 0.015625 0.019230769230769232
0 0.5348557692307693 0.6814903846153846 0.015625 0.019230769230769232
0 0.5600961538461539 0.6814903846153846 0.019230769230769232 0.019230769230769232
0 0.08653846153846154 0.3557692307692308 0.015625 0.015625
0 0.09375 0.36899038461538464 0.015625 0.019230769230769232
0 0.11298076923076923 0.36899038461538464 0.02403846153846154 0.019230769230769232
0 0.03125 0.7067307692307693 0.02403846153846154 0.02403846153846154
0 0.04927884615384615 0.7055288461538461 0.01201923076923077 0.027644230769230768
0 0.09134615384615384 0.7115384615384616 0.019230769230769232 0.02403846153846154
0 0.1622596153846154 0.7091346153846154 0.019230769230769232 0.027644230769230768