0 0.018028846153846152 0.1814903846153846 0.019230769230769232 0.019230769230769232
0 0.037259615384615384 0.18389423076923078 0.019230769230769232 0.02403846153846154
0 0.27884615384615385 0.2091346153846154 0.019230769230769232 0.019230769230769232
0 0.29447115384615385 0.20673076923076922 0.01201923076923077 0.02403846153846154
0 0.2848557692307692 0.26322115384615385 0.015625 0.019230769230769232
0 0.30528846153846156 0.25961538461538464 0.015625 0.01201923076923077
0 0.32211538461538464 0.25721153846153844 0.01201923076923077 0.015625
0 0.33653846153846156 0.25961538461538464 0.015625 0.019230769230769232
0 0.35096153846153844 0.2620192307692308 0.015625 0.02403846153846154
0 0.39903846153846156 0.265625 0.015625 0.015625
0 0.44471153846153844 0.26802884615384615 0.015625 0.019230769230769232
0 0.5192307692307693 0.27163461538461536 0.015625 0.019230769230769232
0 0.28365384615384615 0.3004807692307692 0.01201923076923077 0.015625
0 0.3004807692307692 0.29927884615384615 0.015625 0.019230769230769232
0 0.31490384615384615 0.3004807692307692 0.01201923076923077 0.02403846153846154
0 0.33052884615384615 0.3004807692307692 0.01201923076923077 0.015625
0 0.34615384615384615 0.30288461538461536 0.01201923076923077 0.019230769230769232
0 0.27403846153846156 0.3245192307692308 0.015625 0.015625
0 0.29086538461538464 0.32211538461538464 0.01201923076923077 0.019230769230769232
0 0.33653846153846156 0.32572115384615385 0.015625 0.019230769230769232
0 0.3557692307692308 0.32572115384615385 0.015625 0.019230769230769232
0 0.36899038461538464 0.32572115384615385 0.01201923076923077 0.019230769230769232
0 0.3942307692307692 0.30528846153846156 0.015625 0.015625
0 0.41225961538461536 0.30528846153846156 0.019230769230769232 0.015625
0 0.42427884615384615 0.30288461538461536 0.01201923076923077 0.019230769230769232
0 0.453125 0.3088942307692308 0.015625 0.015625
0 0.41346153846153844 0.32572115384615385 0.015625 0.019230769230769232
0 0.43028846153846156 0.328125 0.015625 0.02403846153846154
0 0.44711538461538464 0.328125 0.01201923076923077 0.02403846153846154
0 0.49038461538461536 0.30288461538461536 0.019230769230769232 0.019230769230769232
0 0.48197115384615385 0.328125 0.019230769230769232 0.015625
0 0.5132211538461539 0.32572115384615385 0.019230769230769232 0.019230769230769232
0 0.53125 0.33052884615384615 0.015625 0.019230769230769232
0 0.5348557692307693 0.30649038461538464 0.015625 0.019230769230769232
0 0.5600961538461539 0.30649038461538464 0.019230769230769232 0.019230769230769232
0 0.03125 0.3317307692307692 0.02403846153846154 0.02403846153846154
0 0.04927884615384615 0.33052884615384615 0.01201923076923077 0.027644230769230768
0 0.09134615384615384 0.33653846153846156 0.019230769230769232 0.02403846153846154
0 0.1622596153846154 0.33413461538461536 0.019230769230769232 0.027644230769230768