0 0.24278846153846154 0.9471153846153846 0.02403846153846154 0.027644230769230768
0 0.2091346153846154 0.9495192307692307 0.019230769230769232 0.03125
0 0.1778846153846154 0.9435096153846154 0.019230769230769232 0.027644230769230768
0 0.14302884615384615 0.9411057692307693 0.019230769230769232 0.02403846153846154
0 0.11538461538461539 0.9375 0.019230769230769232 0.02403846153846154
0 0.08413461538461539 0.9375 0.019230769230769232 0.02403846153846154
0 0.04447115384615385 0.9375 0.019230769230769232 0.02403846153846154
0 0.013221153846153846 0.9314903846153846 0.019230769230769232 0.019230769230769232
0 0.2439903846153846 0.8713942307692307 0.019230769230769232 0.02403846153846154
0 0.22596153846153846 0.8870192307692307 0.02403846153846154 0.02403846153846154
0 0.2127403846153846 0.8689903846153846 0.019230769230769232 0.019230769230769232
0 0.19471153846153846 0.8870192307692307 0.015625 0.02403846153846154
0 0.18389423076923078 0.8713942307692307 0.015625 0.02403846153846154
0 0.16346153846153846 0.8822115384615384 0.015625 0.02403846153846154
0 0.1502403846153846 0.8677884615384616 0.019230769230769232 0.02403846153846154
0 0.13221153846153846 0.8822115384615384 0.015625 0.02403846153846154
0 0.11899038461538461 0.8653846153846154 0.019230769230769232 0.019230769230769232
0 0.10096153846153846 0.8774038461538461 0.015625 0.019230769230769232
0 0.08653846153846154 0.8629807692307693 0.015625 0.02403846153846154
0 0.06971153846153846 0.8846153846153846 0.015625 0.019230769230769232
0 0.052884615384615384 0.8629807692307693 0.019230769230769232 0.015625
0 0.007211538461538462 0.8713942307692307 0.014423076923076924 0.026442307692307692
0 0.234375 0.8088942307692307 0.02403846153846154 0.02403846153846154
0 0.203125 0.8088942307692307 0.02403846153846154 0.03125
0 0.16826923076923078 0.8052884615384616 0.015625 0.02403846153846154
0 0.13822115384615385 0.8064903846153846 0.019230769230769232 0.027644230769230768
0 0.8497596153846154 0.5252403846153846 0.04326923076923077 0.05048076923076923
0 0.796875 0.5216346153846154 0.046875 0.04326923076923077
0 0.7536057692307693 0.5132211538461539 0.046875 0.03485576923076923
0 0.7151442307692307 0.5132211538461539 0.038461538461538464 0.03485576923076923