0 0.019230769230769232 0.8870192307692307 0.015625 0.015625
0 0.028846153846153848 0.9002403846153846 0.01201923076923077 0.019230769230769232
0 0.040865384615384616 0.8882211538461539 0.01201923076923077 0.019230769230769232
0 0.056490384615384616 0.8870192307692307 0.01201923076923077 0.015625
0 0.04927884615384615 0.8990384615384616 0.01201923076923077 0.015625
0 0.06490384615384616 0.8942307692307693 0.01201923076923077 0.015625
0 0.07451923076923077 0.8870192307692307 0.015625 0.015625
0 0.08413461538461539 0.8942307692307693 0.01201923076923077 0.015625
0 0.09134615384615384 0.8870192307692307 0.01201923076923077 0.015625
0 0.10096153846153846 0.8990384615384616 0.007211538461538462 0.015625
0 0.11177884615384616 0.8882211538461539 0.01201923076923077 0.01201923076923077
0 0.12139423076923077 0.8966346153846154 0.015625 0.01201923076923077
0 0.12740384615384615 0.8882211538461539 0.01201923076923077 0.01201923076923077
0 0.13822115384615385 0.9002403846153846 0.01201923076923077 0.01201923076923077
0 0.1466346153846154 0.8930288461538461 0.01201923076923077 0.019230769230769232
0 0.15625 0.9002403846153846 0.015625 0.01201923076923077
0 0.16826923076923078 0.890625 0.015625 0.015625
0 0.17548076923076922 0.9026442307692307 0.015625 0.015625
0 0.18389423076923078 0.890625 0.015625 0.015625
0 0.203125 0.890625 0.015625 0.015625
0 0.1935096153846154 0.9026442307692307 0.019230769230769232 0.015625
0 0.21153846153846154 0.9026442307692307 0.015625 0.015625
0 0.21875 0.890625 0.015625 0.015625
0 0.234375 0.9038461538461539 0.015625 0.01201923076923077
0 0.23798076923076922 0.890625 0.015625 0.015625
0 0.24759615384615385 0.9026442307692307 0.019230769230769232 0.015625
0 0.25721153846153844 0.8930288461538461 0.015625 0.019230769230769232
0 0.13822115384615385 0.9495192307692307 0.01201923076923077 0.015625
0 0.1502403846153846 0.9399038461538461 0.01201923076923077 0.01201923076923077
0 0.15865384615384615 0.9495192307692307 0.01201923076923077 0.015625
0 0.16947115384615385 0.9399038461538461 0.019230769230769232 0.01201923076923077
0 0.1814903846153846 0.9471153846153846 0.01201923076923077 0.01201923076923077
0 0.18990384615384615 0.9411057692307693 0.01201923076923077 0.015625
0 0.19951923076923078 0.953125 0.015625 0.015625
0 0.21153846153846154 0.9399038461538461 0.015625 0.01201923076923077
0 0.21634615384615385 0.953125 0.019230769230769232 0.015625
0 0.2247596153846154 0.9435096153846154 0.01201923076923077 0.019230769230769232
0 0.23677884615384615 0.953125 0.01201923076923077 0.015625
0 0.2439903846153846 0.9399038461538461 0.01201923076923077 0.01201923076923077
0 0.25240384615384615 0.953125 0.01201923076923077 0.015625
0 0.2620192307692308 0.9435096153846154 0.015625 0.01201923076923077
0 0.003605769230769231 0.8341346153846154 0.007211538461538462 0.01201923076923077
0 0.007211538461538462 0.8461538461538461 0.014423076923076924 0.014423076923076924
0 0.019230769230769232 0.8365384615384616 0.015625 0.015625
0 0.027644230769230768 0.8473557692307693 0.015625 0.015625
0 0.037259615384615384 0.8377403846153846 0.01201923076923077 0.01201923076923077
0 0.04447115384615385 0.8497596153846154 0.01201923076923077 0.01201923076923077
0 0.056490384615384616 0.8377403846153846 0.01201923076923077 0.019230769230769232
0 0.06490384615384616 0.8473557692307693 0.01201923076923077 0.015625
0 0.07451923076923077 0.8401442307692307 0.015625 0.015625
0 0.08173076923076923 0.8509615384615384 0.015625 0.015625
0 0.09134615384615384 0.8377403846153846 0.01201923076923077 0.01201923076923077
0 0.10096153846153846 0.8473557692307693 0.015625 0.015625
0 0.109375 0.8413461538461539 0.015625 0.019230769230769232
0 0.11778846153846154 0.8497596153846154 0.015625 0.019230769230769232
0 0.12740384615384615 0.8401442307692307 0.01201923076923077 0.015625
0 0.13822115384615385 0.8497596153846154 0.01201923076923077 0.019230769230769232
0 0.14903846153846154 0.8401442307692307 0.007211538461538462 0.015625
0 0.15625 0.8497596153846154 0.015625 0.01201923076923077
0 0.16346153846153846 0.8401442307692307 0.015625 0.015625
0 0.1778846153846154 0.8509615384615384 0.01201923076923077 0.015625
0 0.18509615384615385 0.8413461538461539 0.01201923076923077 0.01201923076923077
0 0.1935096153846154 0.8533653846153846 0.01201923076923077 0.01201923076923077
0 0.20552884615384615 0.8413461538461539 0.01201923076923077 0.01201923076923077
0 0.21153846153846154 0.8557692307692307 0.015625 0.015625
0 0.22235576923076922 0.8473557692307693 0.015625 0.015625
0 0.2283653846153846 0.8557692307692307 0.01201923076923077 0.015625
0 0.2403846153846154 0.8473557692307693 0.01201923076923077 0.015625
0 0.24759615384615385 0.8569711538461539 0.01201923076923077 0.019230769230769232
0 0.25961538461538464 0.8473557692307693 0.01201923076923077 0.015625
0 0.003605769230769231 0.8052884615384616 0.007211538461538462 0.015625
0 0.013221153846153846 0.7932692307692307 0.01201923076923077 0.015625
0 0.021634615384615384 0.8028846153846154 0.01201923076923077 0.01201923076923077
0 0.03125 0.7932692307692307 0.015625 0.015625
0 0.040865384615384616 0.8052884615384616 0.01201923076923077 0.015625
0 0.04927884615384615 0.7944711538461539 0.01201923076923077 0.019230769230769232
0 0.05889423076923077 0.8052884615384616 0.007211538461538462 0.015625
0 0.06850961538461539 0.7908653846153846 0.01201923076923077 0.019230769230769232
0 0.078125 0.8052884615384616 0.015625 0.015625
0 0.08653846153846154 0.7932692307692307 0.015625 0.015625
0 0.09615384615384616 0.8052884615384616 0.01201923076923077 0.015625
0 0.10697115384615384 0.796875 0.01201923076923077 0.015625
0 0.11538461538461539 0.8064903846153846 0.01201923076923077 0.019230769230769232
0 0.12259615384615384 0.796875 0.01201923076923077 0.015625
0 0.13221153846153846 0.8088942307692307 0.007211538461538462 0.015625
0 0.14302884615384615 0.796875 0.01201923076923077 0.015625
0 0.14903846153846154 0.8088942307692307 0.015625 0.015625
0 0.1622596153846154 0.7944711538461539 0.01201923076923077 0.01201923076923077
0 0.16826923076923078 0.8088942307692307 0.015625 0.015625
0 0.1814903846153846 0.7944711538461539 0.01201923076923077 0.01201923076923077
0 0.18990384615384615 0.8064903846153846 0.01201923076923077 0.01201923076923077
0 0.1971153846153846 0.7992788461538461 0.01201923076923077 0.01201923076923077
0 0.20552884615384615 0.8064903846153846 0.01201923076923077 0.01201923076923077
0 0.21514423076923078 0.7992788461538461 0.015625 0.01201923076923077
0 0.2247596153846154 0.8100961538461539 0.01201923076923077 0.019230769230769232
0 0.021634615384615384 0.7115384615384616 0.019230769230769232 0.015625
0 0.04927884615384615 0.7115384615384616 0.019230769230769232 0.015625
0 0.07572115384615384 0.7151442307692307 0.019230769230769232 0.015625
0 0.10336538461538461 0.7163461538461539 0.019230769230769232 0.019230769230769232
0 0.125 0.7223557692307693 0.015625 0.015625
0 0.15625 0.7223557692307693 0.02403846153846154 0.015625
0 0.20673076923076922 0.7223557692307693 0.015625 0.015625
0 0.2620192307692308 0.7283653846153846 0.015625 0.01201923076923077
0 0.28725961538461536 0.7307692307692307 0.019230769230769232 0.015625
0 0.24278846153846154 0.6682692307692307 0.015625 0.015625
0 0.2127403846153846 0.6634615384615384 0.019230769230769232 0.015625
0 0.23076923076923078 0.6490384615384616 0.015625 0.02403846153846154
0 0.20552884615384615 0.6442307692307693 0.019230769230769232 0.015625
0 0.18990384615384615 0.6598557692307693 0.019230769230769232 0.015625
0 0.17548076923076922 0.6466346153846154 0.015625 0.019230769230769232
0 0.1622596153846154 0.6622596153846154 0.01201923076923077 0.019230769230769232
0 0.14903846153846154 0.6490384615384616 0.015625 0.015625
0 0.13221153846153846 0.6622596153846154 0.015625 0.01201923076923077
0 0.11899038461538461 0.6466346153846154 0.019230769230769232 0.01201923076923077
0 0.10576923076923077 0.6622596153846154 0.015625 0.01201923076923077
0 0.09014423076923077 0.640625 0.015625 0.015625
0 0.078125 0.6586538461538461 0.02403846153846154 0.01201923076923077
0 0.06009615384615385 0.640625 0.019230769230769232 0.015625
0 0.038461538461538464 0.640625 0.015625 0.015625
0 0.04927884615384615 0.6586538461538461 0.019230769230769232 0.01201923076923077
0 0.021634615384615384 0.65625 0.019230769230769232 0.015625
0 0.009615384615384616 0.6370192307692307 0.019230769230769232 0.015625
0 0.24278846153846154 0.5721153846153846 0.02403846153846154 0.027644230769230768
0 0.2091346153846154 0.5745192307692307 0.019230769230769232 0.03125
0 0.1778846153846154 0.5685096153846154 0.019230769230769232 0.027644230769230768
0 0.14302884615384615 0.5661057692307693 0.019230769230769232 0.02403846153846154
0 0.11538461538461539 0.5625 0.019230769230769232 0.02403846153846154
0 0.08413461538461539 0.5625 0.019230769230769232 0.02403846153846154
0 0.04447115384615385 0.5625 0.019230769230769232 0.02403846153846154
0 0.013221153846153846 0.5564903846153846 0.019230769230769232 0.019230769230769232
0 0.2439903846153846 0.4963942307692308 0.019230769230769232 0.02403846153846154
0 0.22596153846153846 0.5120192307692307 0.02403846153846154 0.02403846153846154
0 0.2127403846153846 0.49399038461538464 0.019230769230769232 0.019230769230769232
0 0.19471153846153846 0.5120192307692307 0.015625 0.02403846153846154
0 0.18389423076923078 0.4963942307692308 0.015625 0.02403846153846154
0 0.16346153846153846 0.5072115384615384 0.015625 0.02403846153846154
0 0.1502403846153846 0.49278846153846156 0.019230769230769232 0.02403846153846154
0 0.13221153846153846 0.5072115384615384 0.015625 0.02403846153846154
0 0.11899038461538461 0.49038461538461536 0.019230769230769232 0.019230769230769232
0 0.10096153846153846 0.5024038461538461 0.015625 0.019230769230769232
0 0.08653846153846154 0.4879807692307692 0.015625 0.02403846153846154
0 0.06971153846153846 0.5096153846153846 0.015625 0.019230769230769232
0 0.052884615384615384 0.4879807692307692 0.019230769230769232 0.015625
0 0.007211538461538462 0.4963942307692308 0.014423076923076924 0.026442307692307692
0 0.234375 0.4338942307692308 0.02403846153846154 0.02403846153846154
0 0.203125 0.4338942307692308 0.02403846153846154 0.03125
0 0.16826923076923078 0.43028846153846156 0.015625 0.02403846153846154
0 0.13822115384615385 0.43149038461538464 0.019230769230769232 0.027644230769230768
0 0.8497596153846154 0.1502403846153846 0.04326923076923077 0.05048076923076923
0 0.796875 0.1466346153846154 0.046875 0.04326923076923077
0 0.7536057692307693 0.13822115384615385 0.046875 0.03485576923076923
0 0.7151442307692307 0.13822115384615385 0.038461538461538464 0.03485576923076923