0 0.019230769230769232 0.5120192307692307 0.015625 0.015625
0 0.028846153846153848 0.5252403846153846 0.01201923076923077 0.019230769230769232
0 0.040865384615384616 0.5132211538461539 0.01201923076923077 0.019230769230769232
0 0.056490384615384616 0.5120192307692307 0.01201923076923077 0.015625
0 0.04927884615384615 0.5240384615384616 0.01201923076923077 0.015625
0 0.06490384615384616 0.5192307692307693 0.01201923076923077 0.015625
0 0.07451923076923077 0.5120192307692307 0.015625 0.015625
0 0.08413461538461539 0.5192307692307693 0.01201923076923077 0.015625
0 0.09134615384615384 0.5120192307692307 0.01201923076923077 0.015625
0 0.10096153846153846 0.5240384615384616 0.007211538461538462 0.015625
0 0.11177884615384616 0.5132211538461539 0.01201923076923077 0.01201923076923077
0 0.12139423076923077 0.5216346153846154 0.015625 0.01201923076923077
0 0.12740384615384615 0.5132211538461539 0.01201923076923077 0.01201923076923077
0 0.13822115384615385 0.5252403846153846 0.01201923076923077 0.01201923076923077
0 0.1466346153846154 0.5180288461538461 0.01201923076923077 0.019230769230769232
0 0.15625 0.5252403846153846 0.015625 0.01201923076923077
0 0.16826923076923078 0.515625 0.015625 0.015625
0 0.17548076923076922 0.5276442307692307 0.015625 0.015625
0 0.18389423076923078 0.515625 0.015625 0.015625
0 0.203125 0.515625 0.015625 0.015625
0 0.1935096153846154 0.5276442307692307 0.019230769230769232 0.015625
0 0.21153846153846154 0.5276442307692307 0.015625 0.015625
0 0.21875 0.515625 0.015625 0.015625
0 0.234375 0.5288461538461539 0.015625 0.01201923076923077
0 0.23798076923076922 0.515625 0.015625 0.015625
0 0.24759615384615385 0.5276442307692307 0.019230769230769232 0.015625
0 0.25721153846153844 0.5180288461538461 0.015625 0.019230769230769232
0 0.13822115384615385 0.5745192307692307 0.01201923076923077 0.015625
0 0.1502403846153846 0.5649038461538461 0.01201923076923077 0.01201923076923077
0 0.15865384615384615 0.5745192307692307 0.01201923076923077 0.015625
0 0.16947115384615385 0.5649038461538461 0.019230769230769232 0.01201923076923077
0 0.1814903846153846 0.5721153846153846 0.01201923076923077 0.01201923076923077
0 0.18990384615384615 0.5661057692307693 0.01201923076923077 0.015625
0 0.19951923076923078 0.578125 0.015625 0.015625
0 0.21153846153846154 0.5649038461538461 0.015625 0.01201923076923077
0 0.21634615384615385 0.578125 0.019230769230769232 0.015625
0 0.2247596153846154 0.5685096153846154 0.01201923076923077 0.019230769230769232
0 0.23677884615384615 0.578125 0.01201923076923077 0.015625
0 0.2439903846153846 0.5649038461538461 0.01201923076923077 0.01201923076923077
0 0.25240384615384615 0.578125 0.01201923076923077 0.015625
0 0.2620192307692308 0.5685096153846154 0.015625 0.01201923076923077
0 0.003605769230769231 0.45913461538461536 0.007211538461538462 0.01201923076923077
0 0.007211538461538462 0.47115384615384615 0.014423076923076924 0.014423076923076924
0 0.019230769230769232 0.46153846153846156 0.015625 0.015625
0 0.027644230769230768 0.4723557692307692 0.015625 0.015625
0 0.037259615384615384 0.46274038461538464 0.01201923076923077 0.01201923076923077
0 0.04447115384615385 0.47475961538461536 0.01201923076923077 0.01201923076923077
0 0.056490384615384616 0.46274038461538464 0.01201923076923077 0.019230769230769232
0 0.06490384615384616 0.4723557692307692 0.01201923076923077 0.015625
0 0.07451923076923077 0.4651442307692308 0.015625 0.015625
0 0.08173076923076923 0.47596153846153844 0.015625 0.015625
0 0.09134615384615384 0.46274038461538464 0.01201923076923077 0.01201923076923077
0 0.10096153846153846 0.4723557692307692 0.015625 0.015625
0 0.109375 0.46634615384615385 0.015625 0.019230769230769232
0 0.11778846153846154 0.47475961538461536 0.015625 0.019230769230769232
0 0.12740384615384615 0.4651442307692308 0.01201923076923077 0.015625
0 0.13822115384615385 0.47475961538461536 0.01201923076923077 0.019230769230769232
0 0.14903846153846154 0.4651442307692308 0.007211538461538462 0.015625
0 0.15625 0.47475961538461536 0.015625 0.01201923076923077
0 0.16346153846153846 0.4651442307692308 0.015625 0.015625
0 0.1778846153846154 0.47596153846153844 0.01201923076923077 0.015625
0 0.18509615384615385 0.46634615384615385 0.01201923076923077 0.01201923076923077
0 0.1935096153846154 0.47836538461538464 0.01201923076923077 0.01201923076923077
0 0.20552884615384615 0.46634615384615385 0.01201923076923077 0.01201923076923077
0 0.21153846153846154 0.4807692307692308 0.015625 0.015625
0 0.22235576923076922 0.4723557692307692 0.015625 0.015625
0 0.2283653846153846 0.4807692307692308 0.01201923076923077 0.015625
0 0.2403846153846154 0.4723557692307692 0.01201923076923077 0.015625
0 0.24759615384615385 0.48197115384615385 0.01201923076923077 0.019230769230769232
0 0.25961538461538464 0.4723557692307692 0.01201923076923077 0.015625
0 0.003605769230769231 0.43028846153846156 0.007211538461538462 0.015625
0 0.013221153846153846 0.4182692307692308 0.01201923076923077 0.015625
0 0.021634615384615384 0.42788461538461536 0.01201923076923077 0.01201923076923077
0 0.03125 0.4182692307692308 0.015625 0.015625
0 0.040865384615384616 0.43028846153846156 0.01201923076923077 0.015625
0 0.04927884615384615 0.41947115384615385 0.01201923076923077 0.019230769230769232
0 0.05889423076923077 0.43028846153846156 0.007211538461538462 0.015625
0 0.06850961538461539 0.41586538461538464 0.01201923076923077 0.019230769230769232
0 0.078125 0.43028846153846156 0.015625 0.015625
0 0.08653846153846154 0.4182692307692308 0.015625 0.015625
0 0.09615384615384616 0.43028846153846156 0.01201923076923077 0.015625
0 0.10697115384615384 0.421875 0.01201923076923077 0.015625
0 0.11538461538461539 0.43149038461538464 0.01201923076923077 0.019230769230769232
0 0.12259615384615384 0.421875 0.01201923076923077 0.015625
0 0.13221153846153846 0.4338942307692308 0.007211538461538462 0.015625
0 0.14302884615384615 0.421875 0.01201923076923077 0.015625
0 0.14903846153846154 0.4338942307692308 0.015625 0.015625
0 0.1622596153846154 0.41947115384615385 0.01201923076923077 0.01201923076923077
0 0.16826923076923078 0.4338942307692308 0.015625 0.015625
0 0.1814903846153846 0.41947115384615385 0.01201923076923077 0.01201923076923077
0 0.18990384615384615 0.43149038461538464 0.01201923076923077 0.01201923076923077
0 0.1971153846153846 0.42427884615384615 0.01201923076923077 0.01201923076923077
0 0.20552884615384615 0.43149038461538464 0.01201923076923077 0.01201923076923077
0 0.21514423076923078 0.42427884615384615 0.015625 0.01201923076923077
0 0.2247596153846154 0.43509615384615385 0.01201923076923077 0.019230769230769232
0 0.021634615384615384 0.33653846153846156 0.019230769230769232 0.015625
0 0.04927884615384615 0.33653846153846156 0.019230769230769232 0.015625
0 0.07572115384615384 0.3401442307692308 0.019230769230769232 0.015625
0 0.10336538461538461 0.34134615384615385 0.019230769230769232 0.019230769230769232
0 0.125 0.3473557692307692 0.015625 0.015625
0 0.15625 0.3473557692307692 0.02403846153846154 0.015625
0 0.20673076923076922 0.3473557692307692 0.015625 0.015625
0 0.2620192307692308 0.35336538461538464 0.015625 0.01201923076923077
0 0.28725961538461536 0.3557692307692308 0.019230769230769232 0.015625
0 0.24278846153846154 0.2932692307692308 0.015625 0.015625
0 0.2127403846153846 0.28846153846153844 0.019230769230769232 0.015625
0 0.23076923076923078 0.27403846153846156 0.015625 0.02403846153846154
0 0.20552884615384615 0.2692307692307692 0.019230769230769232 0.015625
0 0.18990384615384615 0.2848557692307692 0.019230769230769232 0.015625
0 0.17548076923076922 0.27163461538461536 0.015625 0.019230769230769232
0 0.1622596153846154 0.28725961538461536 0.01201923076923077 0.019230769230769232
0 0.14903846153846154 0.27403846153846156 0.015625 0.015625
0 0.13221153846153846 0.28725961538461536 0.015625 0.01201923076923077
0 0.11899038461538461 0.27163461538461536 0.019230769230769232 0.01201923076923077
0 0.10576923076923077 0.28725961538461536 0.015625 0.01201923076923077
0 0.09014423076923077 0.265625 0.015625 0.015625
0 0.078125 0.28365384615384615 0.02403846153846154 0.01201923076923077
0 0.06009615384615385 0.265625 0.019230769230769232 0.015625
0 0.038461538461538464 0.265625 0.015625 0.015625
0 0.04927884615384615 0.28365384615384615 0.019230769230769232 0.01201923076923077
0 0.021634615384615384 0.28125 0.019230769230769232 0.015625
0 0.009615384615384616 0.2620192307692308 0.019230769230769232 0.015625
0 0.24278846153846154 0.1971153846153846 0.02403846153846154 0.027644230769230768
0 0.2091346153846154 0.19951923076923078 0.019230769230769232 0.03125
0 0.1778846153846154 0.1935096153846154 0.019230769230769232 0.027644230769230768
0 0.14302884615384615 0.19110576923076922 0.019230769230769232 0.02403846153846154
0 0.11538461538461539 0.1875 0.019230769230769232 0.02403846153846154
0 0.08413461538461539 0.1875 0.019230769230769232 0.02403846153846154
0 0.04447115384615385 0.1875 0.019230769230769232 0.02403846153846154
0 0.013221153846153846 0.1814903846153846 0.019230769230769232 0.019230769230769232
0 0.2439903846153846 0.12139423076923077 0.019230769230769232 0.02403846153846154
0 0.22596153846153846 0.13701923076923078 0.02403846153846154 0.02403846153846154
0 0.2127403846153846 0.11899038461538461 0.019230769230769232 0.019230769230769232
0 0.19471153846153846 0.13701923076923078 0.015625 0.02403846153846154
0 0.18389423076923078 0.12139423076923077 0.015625 0.02403846153846154
0 0.16346153846153846 0.13221153846153846 0.015625 0.02403846153846154
0 0.1502403846153846 0.11778846153846154 0.019230769230769232 0.02403846153846154
0 0.13221153846153846 0.13221153846153846 0.015625 0.02403846153846154
0 0.11899038461538461 0.11538461538461539 0.019230769230769232 0.019230769230769232
0 0.10096153846153846 0.12740384615384615 0.015625 0.019230769230769232
0 0.08653846153846154 0.11298076923076923 0.015625 0.02403846153846154
0 0.06971153846153846 0.1346153846153846 0.015625 0.019230769230769232
0 0.052884615384615384 0.11298076923076923 0.019230769230769232 0.015625
0 0.007211538461538462 0.12139423076923077 0.014423076923076924 0.026442307692307692
0 0.234375 0.05889423076923077 0.02403846153846154 0.02403846153846154
0 0.203125 0.05889423076923077 0.02403846153846154 0.03125
0 0.16826923076923078 0.055288461538461536 0.015625 0.02403846153846154
0 0.13822115384615385 0.056490384615384616 0.019230769230769232 0.027644230769230768