0 0.003605769230769231 0.13701923076923078 0.007211538461538462 0.015625
0 0.006009615384615385 0.14903846153846154 0.01201923076923077 0.015625
0 0.019230769230769232 0.13701923076923078 0.015625 0.015625
0 0.028846153846153848 0.1502403846153846 0.01201923076923077 0.019230769230769232
0 0.040865384615384616 0.13822115384615385 0.01201923076923077 0.019230769230769232
0 0.056490384615384616 0.13701923076923078 0.01201923076923077 0.015625
0 0.04927884615384615 0.14903846153846154 0.01201923076923077 0.015625
0 0.06490384615384616 0.14423076923076922 0.01201923076923077 0.015625
0 0.07451923076923077 0.13701923076923078 0.015625 0.015625
0 0.08413461538461539 0.14423076923076922 0.01201923076923077 0.015625
0 0.09134615384615384 0.13701923076923078 0.01201923076923077 0.015625
0 0.10096153846153846 0.14903846153846154 0.007211538461538462 0.015625
0 0.11177884615384616 0.13822115384615385 0.01201923076923077 0.01201923076923077
0 0.12139423076923077 0.1466346153846154 0.015625 0.01201923076923077
0 0.12740384615384615 0.13822115384615385 0.01201923076923077 0.01201923076923077
0 0.13822115384615385 0.1502403846153846 0.01201923076923077 0.01201923076923077
0 0.1466346153846154 0.14302884615384615 0.01201923076923077 0.019230769230769232
0 0.15625 0.1502403846153846 0.015625 0.01201923076923077
0 0.16826923076923078 0.140625 0.015625 0.015625
0 0.17548076923076922 0.15264423076923078 0.015625 0.015625
0 0.18389423076923078 0.140625 0.015625 0.015625
0 0.203125 0.140625 0.015625 0.015625
0 0.1935096153846154 0.15264423076923078 0.019230769230769232 0.015625
0 0.21153846153846154 0.15264423076923078 0.015625 0.015625
0 0.21875 0.140625 0.015625 0.015625
0 0.234375 0.15384615384615385 0.015625 0.01201923076923077
0 0.23798076923076922 0.140625 0.015625 0.015625
0 0.24759615384615385 0.15264423076923078 0.019230769230769232 0.015625
0 0.25721153846153844 0.14302884615384615 0.015625 0.019230769230769232
0 0.13822115384615385 0.19951923076923078 0.01201923076923077 0.015625
0 0.1502403846153846 0.18990384615384615 0.01201923076923077 0.01201923076923077
0 0.15865384615384615 0.19951923076923078 0.01201923076923077 0.015625
0 0.16947115384615385 0.18990384615384615 0.019230769230769232 0.01201923076923077
0 0.1814903846153846 0.1971153846153846 0.01201923076923077 0.01201923076923077
0 0.18990384615384615 0.19110576923076922 0.01201923076923077 0.015625
0 0.19951923076923078 0.203125 0.015625 0.015625
0 0.21153846153846154 0.18990384615384615 0.015625 0.01201923076923077
0 0.21634615384615385 0.203125 0.019230769230769232 0.015625
0 0.2247596153846154 0.1935096153846154 0.01201923076923077 0.019230769230769232
0 0.23677884615384615 0.203125 0.01201923076923077 0.015625
0 0.2439903846153846 0.18990384615384615 0.01201923076923077 0.01201923076923077
0 0.25240384615384615 0.203125 0.01201923076923077 0.015625
0 0.2620192307692308 0.1935096153846154 0.015625 0.01201923076923077
0 0.003605769230769231 0.08413461538461539 0.007211538461538462 0.01201923076923077
0 0.007211538461538462 0.09615384615384616 0.014423076923076924 0.014423076923076924
0 0.019230769230769232 0.08653846153846154 0.015625 0.015625
0 0.027644230769230768 0.09735576923076923 0.015625 0.015625
0 0.037259615384615384 0.08774038461538461 0.01201923076923077 0.01201923076923077
0 0.04447115384615385 0.09975961538461539 0.01201923076923077 0.01201923076923077
0 0.056490384615384616 0.08774038461538461 0.01201923076923077 0.019230769230769232
0 0.06490384615384616 0.09735576923076923 0.01201923076923077 0.015625
0 0.07451923076923077 0.09014423076923077 0.015625 0.015625
0 0.08173076923076923 0.10096153846153846 0.015625 0.015625
0 0.09134615384615384 0.08774038461538461 0.01201923076923077 0.01201923076923077
0 0.10096153846153846 0.09735576923076923 0.015625 0.015625
0 0.109375 0.09134615384615384 0.015625 0.019230769230769232
0 0.11778846153846154 0.09975961538461539 0.015625 0.019230769230769232
0 0.12740384615384615 0.09014423076923077 0.01201923076923077 0.015625
0 0.13822115384615385 0.09975961538461539 0.01201923076923077 0.019230769230769232
0 0.14903846153846154 0.09014423076923077 0.007211538461538462 0.015625
0 0.15625 0.09975961538461539 0.015625 0.01201923076923077
0 0.16346153846153846 0.09014423076923077 0.015625 0.015625
0 0.1778846153846154 0.10096153846153846 0.01201923076923077 0.015625
0 0.18509615384615385 0.09134615384615384 0.01201923076923077 0.01201923076923077
0 0.1935096153846154 0.10336538461538461 0.01201923076923077 0.01201923076923077
0 0.20552884615384615 0.09134615384615384 0.01201923076923077 0.01201923076923077
0 0.21153846153846154 0.10576923076923077 0.015625 0.015625
0 0.22235576923076922 0.09735576923076923 0.015625 0.015625
0 0.2283653846153846 0.10576923076923077 0.01201923076923077 0.015625
0 0.2403846153846154 0.09735576923076923 0.01201923076923077 0.015625
0 0.24759615384615385 0.10697115384615384 0.01201923076923077 0.019230769230769232
0 0.25961538461538464 0.09735576923076923 0.01201923076923077 0.015625
0 0.003605769230769231 0.055288461538461536 0.007211538461538462 0.015625
0 0.013221153846153846 0.04326923076923077 0.01201923076923077 0.015625
0 0.021634615384615384 0.052884615384615384 0.01201923076923077 0.01201923076923077
0 0.03125 0.04326923076923077 0.015625 0.015625
0 0.040865384615384616 0.055288461538461536 0.01201923076923077 0.015625
0 0.04927884615384615 0.04447115384615385 0.01201923076923077 0.019230769230769232
0 0.05889423076923077 0.055288461538461536 0.007211538461538462 0.015625
0 0.06850961538461539 0.040865384615384616 0.01201923076923077 0.019230769230769232
0 0.078125 0.055288461538461536 0.015625 0.015625
0 0.08653846153846154 0.04326923076923077 0.015625 0.015625
0 0.09615384615384616 0.055288461538461536 0.01201923076923077 0.015625
0 0.10697115384615384 0.046875 0.01201923076923077 0.015625
0 0.11538461538461539 0.056490384615384616 0.01201923076923077 0.019230769230769232
0 0.12259615384615384 0.046875 0.01201923076923077 0.015625
0 0.13221153846153846 0.05889423076923077 0.007211538461538462 0.015625
0 0.14302884615384615 0.046875 0.01201923076923077 0.015625
0 0.14903846153846154 0.05889423076923077 0.015625 0.015625
0 0.1622596153846154 0.04447115384615385 0.01201923076923077 0.01201923076923077
0 0.16826923076923078 0.05889423076923077 0.015625 0.015625
0 0.1814903846153846 0.04447115384615385 0.01201923076923077 0.01201923076923077
0 0.18990384615384615 0.056490384615384616 0.01201923076923077 0.01201923076923077
0 0.1971153846153846 0.04927884615384615 0.01201923076923077 0.01201923076923077
0 0.20552884615384615 0.056490384615384616 0.01201923076923077 0.01201923076923077
0 0.21514423076923078 0.04927884615384615 0.015625 0.01201923076923077
0 0.2247596153846154 0.06009615384615385 0.01201923076923077 0.019230769230769232
0 0.02403846153846154 0.640625 0.015625 0.015625
0 0.06971153846153846 0.6430288461538461 0.015625 0.019230769230769232
0 0.14423076923076922 0.6466346153846154 0.015625 0.019230769230769232
0 0.019230769230769232 0.6802884615384616 0.015625 0.015625
0 0.037259615384615384 0.6802884615384616 0.019230769230769232 0.015625
0 0.04927884615384615 0.6778846153846154 0.01201923076923077 0.019230769230769232
0 0.078125 0.6838942307692307 0.015625 0.015625
0 0.038461538461538464 0.7007211538461539 0.015625 0.019230769230769232
0 0.055288461538461536 0.703125 0.015625 0.02403846153846154
0 0.07211538461538461 0.703125 0.01201923076923077 0.02403846153846154
0 0.11538461538461539 0.6778846153846154 0.019230769230769232 0.019230769230769232
0 0.10697115384615384 0.703125 0.019230769230769232 0.015625
0 0.13822115384615385 0.7007211538461539 0.019230769230769232 0.019230769230769232
0 0.15625 0.7055288461538461 0.015625 0.019230769230769232
0 0.15985576923076922 0.6814903846153846 0.015625 0.019230769230769232
0 0.18509615384615385 0.6814903846153846 0.019230769230769232 0.019230769230769232