0 0.02403846153846154 0.265625 0.015625 0.015625
0 0.06971153846153846 0.26802884615384615 0.015625 0.019230769230769232
0 0.14423076923076922 0.27163461538461536 0.015625 0.019230769230769232
0 0.019230769230769232 0.30528846153846156 0.015625 0.015625
0 0.037259615384615384 0.30528846153846156 0.019230769230769232 0.015625
0 0.04927884615384615 0.30288461538461536 0.01201923076923077 0.019230769230769232
0 0.078125 0.3088942307692308 0.015625 0.015625
0 0.038461538461538464 0.32572115384615385 0.015625 0.019230769230769232
0 0.055288461538461536 0.328125 0.015625 0.02403846153846154
0 0.07211538461538461 0.328125 0.01201923076923077 0.02403846153846154
0 0.11538461538461539 0.30288461538461536 0.019230769230769232 0.019230769230769232
0 0.10697115384615384 0.328125 0.019230769230769232 0.015625
0 0.13822115384615385 0.32572115384615385 0.019230769230769232 0.019230769230769232
0 0.15625 0.33052884615384615 0.015625 0.019230769230769232
0 0.15985576923076922 0.30649038461538464 0.015625 0.019230769230769232
0 0.18509615384615385 0.30649038461538464 0.019230769230769232 0.019230769230769232