0 0.6502403846153846 0.9375 0.04326923076923077 0.03125
0 0.6995192307692307 0.9411057692307693 0.038461538461538464 0.03125
0 0.7427884615384616 0.9435096153846154 0.038461538461538464 0.027644230769230768
0 0.7836538461538461 0.9471153846153846 0.03485576923076923 0.027644230769230768
0 0.8305288461538461 0.953125 0.04326923076923077 0.03125
0 0.8786057692307693 0.9471153846153846 0.046875 0.027644230769230768
0 0.96875 0.9591346153846154 0.046875 0.03485576923076923
0 0.9939903846153846 0.9591346153846154 0.003605769230769231 0.03485576923076923
0 0.9507211538461539 0.9122596153846154 0.05048076923076923 0.05048076923076923
0 0.9038461538461539 0.90625 0.04326923076923077 0.046875
0 0.8617788461538461 0.9038461538461539 0.04326923076923077 0.05048076923076923
0 0.8125 0.90625 0.038461538461538464 0.038461538461538464
0 0.7692307692307693 0.9038461538461539 0.038461538461538464 0.04326923076923077
0 0.7247596153846154 0.9002403846153846 0.04326923076923077 0.04326923076923077
0 0.6754807692307693 0.9002403846153846 0.046875 0.04326923076923077
0 0.9759615384615384 0.8197115384615384 0.038461538461538464 0.03125
0 0.9314903846153846 0.8197115384615384 0.04326923076923077 0.038461538461538464
0 0.8882211538461539 0.8161057692307693 0.04326923076923077 0.03125
0 0.84375 0.8125 0.038461538461538464 0.03125
0 0.8004807692307693 0.8088942307692307 0.046875 0.03125
0 0.7560096153846154 0.8100961538461539 0.04326923076923077 0.03485576923076923
0 0.7067307692307693 0.8028846153846154 0.046875 0.03485576923076923
0 0.6622596153846154 0.8028846153846154 0.03485576923076923 0.03485576923076923
0 0.640625 0.7475961538461539 0.038461538461538464 0.03485576923076923
0 0.6899038461538461 0.7524038461538461 0.04326923076923077 0.04326923076923077
0 0.7319711538461539 0.7524038461538461 0.04326923076923077 0.04326923076923077
0 0.7776442307692307 0.7560096153846154 0.038461538461538464 0.05048076923076923
0 0.8197115384615384 0.765625 0.038461538461538464 0.046875
0 0.8653846153846154 0.7716346153846154 0.05048076923076923 0.04326923076923077
0 0.9086538461538461 0.7716346153846154 0.04326923076923077 0.05048076923076923
0 0.9555288461538461 0.7692307692307693 0.05048076923076923 0.046875
0 0.6466346153846154 0.6682692307692307 0.04326923076923077 0.03125
0 0.7367788461538461 0.6742788461538461 0.04326923076923077 0.03485576923076923
0 0.7872596153846154 0.6742788461538461 0.04326923076923077 0.03485576923076923
0 0.8689903846153846 0.6814903846153846 0.04326923076923077 0.03485576923076923
0 0.9194711538461539 0.6814903846153846 0.04326923076923077 0.03485576923076923
0 0.9651442307692307 0.6875 0.046875 0.038461538461538464
0 0.6694711538461539 0.6225961538461539 0.04326923076923077 0.04326923076923077
0 0.7163461538461539 0.6286057692307693 0.04326923076923077 0.038461538461538464
0 0.7596153846153846 0.6310096153846154 0.04326923076923077 0.04326923076923077
0 0.8052884615384616 0.6213942307692307 0.046875 0.055288461538461536
0 0.8966346153846154 0.6346153846153846 0.05048076923076923 0.05889423076923077
0 0.9447115384615384 0.6346153846153846 0.046875 0.05889423076923077
0 0.7007211538461539 0.5276442307692307 0.05048076923076923 0.046875
0 0.7475961538461539 0.5336538461538461 0.04326923076923077 0.04326923076923077
0 0.7932692307692307 0.5348557692307693 0.046875 0.038461538461538464
0 0.8401442307692307 0.5372596153846154 0.038461538461538464 0.03485576923076923
0 0.8822115384615384 0.5348557692307693 0.038461538461538464 0.03125
0 0.9254807692307693 0.5372596153846154 0.038461538461538464 0.04326923076923077
0 0.9747596153846154 0.5408653846153846 0.04326923076923077 0.04326923076923077
0 0.6850961538461539 0.48197115384615385 0.04326923076923077 0.05048076923076923
0 0.7283653846153846 0.48677884615384615 0.04326923076923077 0.05889423076923077
0 0.7692307692307693 0.49278846153846156 0.046875 0.046875
0 0.8161057692307693 0.5 0.046875 0.046875
0 0.859375 0.4963942307692308 0.038461538461538464 0.055288461538461536
0 0.9038461538461539 0.5 0.05048076923076923 0.046875
0 0.953125 0.4963942307692308 0.046875 0.046875