0 0.6658653846153846 0.9182692307692307 0.04326923076923077 0.038461538461538464
0 0.6899038461538461 0.8786057692307693 0.04326923076923077 0.038461538461538464
0 0.7115384615384616 0.9242788461538461 0.038461538461538464 0.03485576923076923
0 0.734375 0.8786057692307693 0.038461538461538464 0.038461538461538464
0 0.7536057692307693 0.921875 0.046875 0.038461538461538464
0 0.78125 0.8786057692307693 0.038461538461538464 0.038461538461538464
0 0.8245192307692307 0.8822115384615384 0.038461538461538464 0.038461538461538464
0 0.8028846153846154 0.9242788461538461 0.04326923076923077 0.03485576923076923
0 0.8473557692307693 0.9254807692307693 0.038461538461538464 0.03125
0 0.8713942307692307 0.8822115384615384 0.038461538461538464 0.038461538461538464
0 0.8942307692307693 0.9278846153846154 0.046875 0.03485576923076923
0 0.9182692307692307 0.8846153846153846 0.038461538461538464 0.03485576923076923
0 0.9651442307692307 0.8882211538461539 0.038461538461538464 0.03485576923076923
0 0.9375 0.9314903846153846 0.046875 0.03485576923076923
0 0.9807692307692307 0.9314903846153846 0.03125 0.03485576923076923
0 0.6742788461538461 0.7752403846153846 0.03485576923076923 0.03485576923076923
0 0.71875 0.7776442307692307 0.038461538461538464 0.038461538461538464
0 0.7620192307692307 0.7752403846153846 0.038461538461538464 0.03485576923076923
0 0.8052884615384616 0.78125 0.038461538461538464 0.03125
0 0.8473557692307693 0.7836538461538461 0.038461538461538464 0.03485576923076923
0 0.8942307692307693 0.7836538461538461 0.038461538461538464 0.04326923076923077
0 0.9375 0.7848557692307693 0.038461538461538464 0.038461538461538464
0 0.9567307692307693 0.7439903846153846 0.038461538461538464 0.04326923076923077
0 0.9182692307692307 0.7427884615384616 0.046875 0.038461538461538464
0 0.8653846153846154 0.7403846153846154 0.04326923076923077 0.03485576923076923
0 0.8197115384615384 0.7319711538461539 0.046875 0.03485576923076923
0 0.78125 0.7379807692307693 0.038461538461538464 0.038461538461538464
0 0.7379807692307693 0.7367788461538461 0.038461538461538464 0.03485576923076923
0 0.6911057692307693 0.7307692307692307 0.046875 0.038461538461538464
0 0.7848557692307693 0.6346153846153846 0.055288461538461536 0.05889423076923077
0 0.8341346153846154 0.6346153846153846 0.04326923076923077 0.04326923076923077
0 0.8810096153846154 0.6346153846153846 0.03485576923076923 0.04326923076923077
0 0.9254807692307693 0.6370192307692307 0.038461538461538464 0.038461538461538464
0 0.9723557692307693 0.6346153846153846 0.038461538461538464 0.04326923076923077
0 0.6634615384615384 0.5240384615384616 0.02403846153846154 0.02403846153846154
0 0.6935096153846154 0.53125 0.019230769230769232 0.02403846153846154
0 0.7247596153846154 0.5288461538461539 0.027644230769230768 0.027644230769230768
0 0.7560096153846154 0.5336538461538461 0.027644230769230768 0.027644230769230768
0 0.7836538461538461 0.5336538461538461 0.019230769230769232 0.027644230769230768
0 0.8028846153846154 0.5336538461538461 0.019230769230769232 0.027644230769230768
0 0.8221153846153846 0.5348557692307693 0.019230769230769232 0.02403846153846154
0 0.8509615384615384 0.5384615384615384 0.015625 0.02403846153846154
0 0.8882211538461539 0.5432692307692307 0.019230769230769232 0.03125
0 0.9158653846153846 0.5444711538461539 0.019230769230769232 0.027644230769230768
0 0.9375 0.5444711538461539 0.02403846153846154 0.027644230769230768
0 0.9567307692307693 0.5384615384615384 0.02403846153846154 0.02403846153846154
0 0.9807692307692307 0.546875 0.02403846153846154 0.02403846153846154
0 0.6442307692307693 0.3245192307692308 0.046875 0.03125
0 0.6682692307692307 0.28725961538461536 0.046875 0.03485576923076923
0 0.7319711538461539 0.328125 0.05048076923076923 0.02403846153846154
0 0.7572115384615384 0.28846153846153844 0.055288461538461536 0.046875
0 0.7776442307692307 0.328125 0.038461538461538464 0.02403846153846154
0 0.8197115384615384 0.3317307692307692 0.038461538461538464 0.02403846153846154
0 0.8677884615384616 0.3401442307692308 0.038461538461538464 0.03125
0 0.8497596153846154 0.2932692307692308 0.05048076923076923 0.038461538461538464
0 0.9158653846153846 0.3401442307692308 0.05048076923076923 0.046875
0 0.9411057692307693 0.29086538461538464 0.055288461538461536 0.04326923076923077
0 0.8966346153846154 0.28725961538461536 0.03485576923076923 0.04326923076923077
0 0.47475961538461536 0.5252403846153846 0.04326923076923077 0.05048076923076923
0 0.421875 0.5216346153846154 0.046875 0.04326923076923077
0 0.3786057692307692 0.5132211538461539 0.046875 0.03485576923076923
0 0.3401442307692308 0.5132211538461539 0.038461538461538464 0.03485576923076923
0 0.6502403846153846 0.1875 0.04326923076923077 0.03125
0 0.6995192307692307 0.19110576923076922 0.038461538461538464 0.03125
0 0.7427884615384616 0.1935096153846154 0.038461538461538464 0.027644230769230768
0 0.7836538461538461 0.1971153846153846 0.03485576923076923 0.027644230769230768
0 0.8305288461538461 0.203125 0.04326923076923077 0.03125
0 0.8786057692307693 0.1971153846153846 0.046875 0.027644230769230768
0 0.96875 0.2091346153846154 0.046875 0.03485576923076923
0 0.9939903846153846 0.2091346153846154 0.003605769230769231 0.03485576923076923
0 0.9507211538461539 0.1622596153846154 0.05048076923076923 0.05048076923076923
0 0.9038461538461539 0.15625 0.04326923076923077 0.046875
0 0.8617788461538461 0.15384615384615385 0.04326923076923077 0.05048076923076923
0 0.8125 0.15625 0.038461538461538464 0.038461538461538464
0 0.7692307692307693 0.15384615384615385 0.038461538461538464 0.04326923076923077
0 0.7247596153846154 0.1502403846153846 0.04326923076923077 0.04326923076923077
0 0.6754807692307693 0.1502403846153846 0.046875 0.04326923076923077
0 0.9759615384615384 0.06971153846153846 0.038461538461538464 0.03125
0 0.9314903846153846 0.06971153846153846 0.04326923076923077 0.038461538461538464
0 0.8882211538461539 0.06610576923076923 0.04326923076923077 0.03125
0 0.84375 0.0625 0.038461538461538464 0.03125
0 0.8004807692307693 0.05889423076923077 0.046875 0.03125
0 0.7560096153846154 0.06009615384615385 0.04326923076923077 0.03485576923076923
0 0.7067307692307693 0.052884615384615384 0.046875 0.03485576923076923
0 0.6622596153846154 0.052884615384615384 0.03485576923076923 0.03485576923076923
0 0.6394230769230769 0.007211538461538462 0.038461538461538464 0.014423076923076924
0 0.6899038461538461 0.01201923076923077 0.04326923076923077 0.02403846153846154
0 0.7319711538461539 0.01201923076923077 0.04326923076923077 0.02403846153846154
0 0.7776442307692307 0.015625 0.038461538461538464 0.03125
0 0.8197115384615384 0.019230769230769232 0.038461538461538464 0.038461538461538464
0 0.8653846153846154 0.021634615384615384 0.05048076923076923 0.04326923076923077
0 0.9086538461538461 0.02403846153846154 0.04326923076923077 0.046875
0 0.9555288461538461 0.021634615384615384 0.05048076923076923 0.04326923076923077