0 0.6658653846153846 0.5432692307692307 0.04326923076923077 0.038461538461538464
0 0.6899038461538461 0.5036057692307693 0.04326923076923077 0.038461538461538464
0 0.7115384615384616 0.5492788461538461 0.038461538461538464 0.03485576923076923
0 0.734375 0.5036057692307693 0.038461538461538464 0.038461538461538464
0 0.7536057692307693 0.546875 0.046875 0.038461538461538464
0 0.78125 0.5036057692307693 0.038461538461538464 0.038461538461538464
0 0.8245192307692307 0.5072115384615384 0.038461538461538464 0.038461538461538464
0 0.8028846153846154 0.5492788461538461 0.04326923076923077 0.03485576923076923
0 0.8473557692307693 0.5504807692307693 0.038461538461538464 0.03125
0 0.8713942307692307 0.5072115384615384 0.038461538461538464 0.038461538461538464
0 0.8942307692307693 0.5528846153846154 0.046875 0.03485576923076923
0 0.9182692307692307 0.5096153846153846 0.038461538461538464 0.03485576923076923
0 0.9651442307692307 0.5132211538461539 0.038461538461538464 0.03485576923076923
0 0.9375 0.5564903846153846 0.046875 0.03485576923076923
0 0.9807692307692307 0.5564903846153846 0.03125 0.03485576923076923
0 0.9927884615384616 0.515625 0.007211538461538462 0.038461538461538464
0 0.6742788461538461 0.40024038461538464 0.03485576923076923 0.03485576923076923
0 0.71875 0.4026442307692308 0.038461538461538464 0.038461538461538464
0 0.7620192307692307 0.40024038461538464 0.038461538461538464 0.03485576923076923
0 0.8052884615384616 0.40625 0.038461538461538464 0.03125
0 0.8473557692307693 0.40865384615384615 0.038461538461538464 0.03485576923076923
0 0.8942307692307693 0.40865384615384615 0.038461538461538464 0.04326923076923077
0 0.9375 0.4098557692307692 0.038461538461538464 0.038461538461538464
0 0.9807692307692307 0.41346153846153844 0.03125 0.038461538461538464
0 0.9903846153846154 0.3713942307692308 0.01201923076923077 0.038461538461538464
0 0.9567307692307693 0.36899038461538464 0.038461538461538464 0.04326923076923077
0 0.9182692307692307 0.36778846153846156 0.046875 0.038461538461538464
0 0.8653846153846154 0.36538461538461536 0.04326923076923077 0.03485576923076923
0 0.8197115384615384 0.35697115384615385 0.046875 0.03485576923076923
0 0.78125 0.3629807692307692 0.038461538461538464 0.038461538461538464
0 0.7379807692307693 0.36177884615384615 0.038461538461538464 0.03485576923076923
0 0.6911057692307693 0.3557692307692308 0.046875 0.038461538461538464
0 0.7848557692307693 0.25961538461538464 0.055288461538461536 0.05889423076923077
0 0.8341346153846154 0.25961538461538464 0.04326923076923077 0.04326923076923077
0 0.8810096153846154 0.25961538461538464 0.03485576923076923 0.04326923076923077
0 0.9254807692307693 0.2620192307692308 0.038461538461538464 0.038461538461538464
0 0.9723557692307693 0.25961538461538464 0.038461538461538464 0.04326923076923077
0 0.6634615384615384 0.14903846153846154 0.02403846153846154 0.02403846153846154
0 0.6935096153846154 0.15625 0.019230769230769232 0.02403846153846154
0 0.7247596153846154 0.15384615384615385 0.027644230769230768 0.027644230769230768
0 0.7560096153846154 0.15865384615384615 0.027644230769230768 0.027644230769230768
0 0.7836538461538461 0.15865384615384615 0.019230769230769232 0.027644230769230768
0 0.8028846153846154 0.15865384615384615 0.019230769230769232 0.027644230769230768
0 0.8221153846153846 0.15985576923076922 0.019230769230769232 0.02403846153846154
0 0.8509615384615384 0.16346153846153846 0.015625 0.02403846153846154
0 0.8882211538461539 0.16826923076923078 0.019230769230769232 0.03125
0 0.9158653846153846 0.16947115384615385 0.019230769230769232 0.027644230769230768
0 0.9375 0.16947115384615385 0.02403846153846154 0.027644230769230768
0 0.9567307692307693 0.16346153846153846 0.02403846153846154 0.02403846153846154
0 0.9807692307692307 0.171875 0.02403846153846154 0.02403846153846154
0 0.47475961538461536 0.1502403846153846 0.04326923076923077 0.05048076923076923
0 0.421875 0.1466346153846154 0.046875 0.04326923076923077
0 0.3786057692307692 0.13822115384615385 0.046875 0.03485576923076923
0 0.3401442307692308 0.13822115384615385 0.038461538461538464 0.03485576923076923