0 0.6658653846153846 0.16826923076923078 0.04326923076923077 0.038461538461538464
0 0.6899038461538461 0.12860576923076922 0.04326923076923077 0.038461538461538464
0 0.7115384615384616 0.17427884615384615 0.038461538461538464 0.03485576923076923
0 0.734375 0.12860576923076922 0.038461538461538464 0.038461538461538464
0 0.7536057692307693 0.171875 0.046875 0.038461538461538464
0 0.78125 0.12860576923076922 0.038461538461538464 0.038461538461538464
0 0.8245192307692307 0.13221153846153846 0.038461538461538464 0.038461538461538464
0 0.8028846153846154 0.17427884615384615 0.04326923076923077 0.03485576923076923
0 0.8473557692307693 0.17548076923076922 0.038461538461538464 0.03125
0 0.8713942307692307 0.13221153846153846 0.038461538461538464 0.038461538461538464
0 0.8942307692307693 0.1778846153846154 0.046875 0.03485576923076923
0 0.9182692307692307 0.1346153846153846 0.038461538461538464 0.03485576923076923
0 0.9651442307692307 0.13822115384615385 0.038461538461538464 0.03485576923076923
0 0.9375 0.1814903846153846 0.046875 0.03485576923076923
0 0.9807692307692307 0.1814903846153846 0.03125 0.03485576923076923
0 0.6742788461538461 0.025240384615384616 0.03485576923076923 0.03485576923076923
0 0.71875 0.027644230769230768 0.038461538461538464 0.038461538461538464
0 0.7620192307692307 0.025240384615384616 0.038461538461538464 0.03485576923076923
0 0.8052884615384616 0.03125 0.038461538461538464 0.03125
0 0.8473557692307693 0.03365384615384615 0.038461538461538464 0.03485576923076923
0 0.8942307692307693 0.03365384615384615 0.038461538461538464 0.04326923076923077
0 0.9375 0.03485576923076923 0.038461538461538464 0.038461538461538464
0 0.9807692307692307 0.038461538461538464 0.03125 0.038461538461538464
0 0.9567307692307693 0.007211538461538462 0.038461538461538464 0.014423076923076924
0 0.9182692307692307 0.006009615384615385 0.046875 0.01201923076923077
0 0.8653846153846154 0.003605769230769231 0.04326923076923077 0.007211538461538462
0 0.78125 0.003605769230769231 0.038461538461538464 0.007211538461538462
0 0.7379807692307693 0.002403846153846154 0.038461538461538464 0.003605769230769231