0 0.32572115384615385 0.9026442307692307 0.05048076923076923 0.046875
0 0.37259615384615385 0.9086538461538461 0.04326923076923077 0.04326923076923077
0 0.4182692307692308 0.9098557692307693 0.046875 0.038461538461538464
0 0.4651442307692308 0.9122596153846154 0.038461538461538464 0.03485576923076923
0 0.5072115384615384 0.9098557692307693 0.038461538461538464 0.03125
0 0.5504807692307693 0.9122596153846154 0.038461538461538464 0.04326923076923077
0 0.6009615384615384 0.9158653846153846 0.046875 0.04326923076923077
0 0.6850961538461539 0.9254807692307693 0.05048076923076923 0.046875
0 0.7367788461538461 0.9278846153846154 0.04326923076923077 0.04326923076923077
0 0.31009615384615385 0.8569711538461539 0.04326923076923077 0.05048076923076923
0 0.35336538461538464 0.8617788461538461 0.04326923076923077 0.05889423076923077
0 0.3942307692307692 0.8677884615384616 0.046875 0.046875
0 0.4411057692307692 0.875 0.046875 0.046875
0 0.484375 0.8713942307692307 0.038461538461538464 0.055288461538461536
0 0.5288461538461539 0.875 0.05048076923076923 0.046875
0 0.578125 0.8713942307692307 0.046875 0.046875
0 0.625 0.8713942307692307 0.046875 0.046875
0 0.6694711538461539 0.875 0.03485576923076923 0.046875
0 0.7127403846153846 0.8810096153846154 0.05048076923076923 0.05048076923076923
0 0.8822115384615384 0.8930288461538461 0.038461538461538464 0.04326923076923077
0 0.9122596153846154 0.8677884615384616 0.03485576923076923 0.046875
0 0.9375 0.8966346153846154 0.03125 0.04326923076923077
0 0.9711538461538461 0.8653846153846154 0.027644230769230768 0.04326923076923077