0 0.27524038461538464 0.9375 0.04326923076923077 0.03125
0 0.3245192307692308 0.9411057692307693 0.038461538461538464 0.03125
0 0.36778846153846156 0.9435096153846154 0.038461538461538464 0.027644230769230768
0 0.40865384615384615 0.9471153846153846 0.03485576923076923 0.027644230769230768
0 0.45552884615384615 0.953125 0.04326923076923077 0.03125
0 0.5036057692307693 0.9471153846153846 0.046875 0.027644230769230768
0 0.59375 0.9591346153846154 0.046875 0.03485576923076923
0 0.6382211538461539 0.9591346153846154 0.04326923076923077 0.03485576923076923
0 0.6850961538461539 0.9627403846153846 0.04326923076923077 0.03485576923076923
0 0.7115384615384616 0.921875 0.046875 0.046875
0 0.6586538461538461 0.9158653846153846 0.05048076923076923 0.04326923076923077
0 0.5757211538461539 0.9122596153846154 0.05048076923076923 0.05048076923076923
0 0.5288461538461539 0.90625 0.04326923076923077 0.046875
0 0.48677884615384615 0.9038461538461539 0.04326923076923077 0.05048076923076923
0 0.4375 0.90625 0.038461538461538464 0.038461538461538464
0 0.3942307692307692 0.9038461538461539 0.038461538461538464 0.04326923076923077
0 0.34975961538461536 0.9002403846153846 0.04326923076923077 0.04326923076923077
0 0.3004807692307692 0.9002403846153846 0.046875 0.04326923076923077
0 0.6935096153846154 0.8185096153846154 0.04326923076923077 0.027644230769230768
0 0.6466346153846154 0.8221153846153846 0.04326923076923077 0.03485576923076923
0 0.6033653846153846 0.8197115384615384 0.04326923076923077 0.03125
0 0.5564903846153846 0.8197115384615384 0.04326923076923077 0.038461538461538464
0 0.5132211538461539 0.8161057692307693 0.04326923076923077 0.03125
0 0.46875 0.8125 0.038461538461538464 0.03125
0 0.4254807692307692 0.8088942307692307 0.046875 0.03125
0 0.38100961538461536 0.8100961538461539 0.04326923076923077 0.03485576923076923
0 0.3317307692307692 0.8028846153846154 0.046875 0.03485576923076923
0 0.28725961538461536 0.8028846153846154 0.03485576923076923 0.03485576923076923
0 0.265625 0.7475961538461539 0.038461538461538464 0.03485576923076923
0 0.31490384615384615 0.7524038461538461 0.04326923076923077 0.04326923076923077
0 0.35697115384615385 0.7524038461538461 0.04326923076923077 0.04326923076923077
0 0.4026442307692308 0.7560096153846154 0.038461538461538464 0.05048076923076923
0 0.44471153846153844 0.765625 0.038461538461538464 0.046875
0 0.49038461538461536 0.7716346153846154 0.05048076923076923 0.04326923076923077
0 0.5336538461538461 0.7716346153846154 0.04326923076923077 0.05048076923076923
0 0.5805288461538461 0.7692307692307693 0.05048076923076923 0.046875
0 0.6225961538461539 0.7776442307692307 0.04326923076923077 0.046875
0 0.671875 0.7752403846153846 0.046875 0.05048076923076923
0 0.7163461538461539 0.7776442307692307 0.04326923076923077 0.046875
0 0.27163461538461536 0.6682692307692307 0.04326923076923077 0.03125
0 0.36177884615384615 0.6742788461538461 0.04326923076923077 0.03485576923076923
0 0.41225961538461536 0.6742788461538461 0.04326923076923077 0.03485576923076923
0 0.49399038461538464 0.6814903846153846 0.04326923076923077 0.03485576923076923
0 0.5444711538461539 0.6814903846153846 0.04326923076923077 0.03485576923076923
0 0.5901442307692307 0.6875 0.046875 0.038461538461538464
0 0.29447115384615385 0.6225961538461539 0.04326923076923077 0.04326923076923077
0 0.34134615384615385 0.6286057692307693 0.04326923076923077 0.038461538461538464
0 0.38461538461538464 0.6310096153846154 0.04326923076923077 0.04326923076923077
0 0.43028846153846156 0.6213942307692307 0.046875 0.055288461538461536
0 0.5216346153846154 0.6346153846153846 0.05048076923076923 0.05889423076923077
0 0.5697115384615384 0.6346153846153846 0.046875 0.05889423076923077
0 0.6153846153846154 0.6370192307692307 0.03485576923076923 0.055288461538461536
0 0.6622596153846154 0.640625 0.05048076923076923 0.055288461538461536
0 0.7091346153846154 0.6442307692307693 0.05048076923076923 0.046875
0 0.6778846153846154 0.6911057692307693 0.05048076923076923 0.038461538461538464
0 0.7259615384615384 0.6911057692307693 0.038461538461538464 0.03125
0 0.32572115384615385 0.5276442307692307 0.05048076923076923 0.046875
0 0.37259615384615385 0.5336538461538461 0.04326923076923077 0.04326923076923077
0 0.4182692307692308 0.5348557692307693 0.046875 0.038461538461538464
0 0.4651442307692308 0.5372596153846154 0.038461538461538464 0.03485576923076923
0 0.5072115384615384 0.5348557692307693 0.038461538461538464 0.03125
0 0.5504807692307693 0.5372596153846154 0.038461538461538464 0.04326923076923077
0 0.6009615384615384 0.5408653846153846 0.046875 0.04326923076923077
0 0.6850961538461539 0.5504807692307693 0.05048076923076923 0.046875
0 0.7367788461538461 0.5528846153846154 0.04326923076923077 0.04326923076923077
0 0.31009615384615385 0.48197115384615385 0.04326923076923077 0.05048076923076923
0 0.35336538461538464 0.48677884615384615 0.04326923076923077 0.05889423076923077
0 0.3942307692307692 0.49278846153846156 0.046875 0.046875
0 0.4411057692307692 0.5 0.046875 0.046875
0 0.484375 0.4963942307692308 0.038461538461538464 0.055288461538461536
0 0.5288461538461539 0.5 0.05048076923076923 0.046875
0 0.578125 0.4963942307692308 0.046875 0.046875
0 0.625 0.4963942307692308 0.046875 0.046875
0 0.6694711538461539 0.5 0.03485576923076923 0.046875
0 0.7127403846153846 0.5060096153846154 0.05048076923076923 0.05048076923076923
0 0.8822115384615384 0.5180288461538461 0.038461538461538464 0.04326923076923077
0 0.9122596153846154 0.49278846153846156 0.03485576923076923 0.046875
0 0.9375 0.5216346153846154 0.03125 0.04326923076923077
0 0.9711538461538461 0.49038461538461536 0.027644230769230768 0.04326923076923077
0 0.8653846153846154 0.625 0.027644230769230768 0.038461538461538464
0 0.8942307692307693 0.6538461538461539 0.03125 0.04326923076923077
0 0.9242788461538461 0.625 0.03485576923076923 0.038461538461538464
0 0.9507211538461539 0.6526442307692307 0.027644230769230768 0.046875
0 0.8569711538461539 0.7932692307692307 0.027644230769230768 0.038461538461538464
0 0.9098557692307693 0.7992788461538461 0.02403846153846154 0.04326923076923077
0 0.96875 0.8004807692307693 0.038461538461538464 0.038461538461538464
0 0.8533653846153846 0.9338942307692307 0.03485576923076923 0.038461538461538464
0 0.8822115384615384 0.8990384615384616 0.038461538461538464 0.03125
0 0.9098557692307693 0.9375 0.03125 0.038461538461538464
0 0.9399038461538461 0.9002403846153846 0.03485576923076923 0.03485576923076923
0 0.9651442307692307 0.9411057692307693 0.03125 0.038461538461538464