0 0.28846153846153844 0.8990384615384616 0.02403846153846154 0.02403846153846154
0 0.31850961538461536 0.90625 0.019230769230769232 0.02403846153846154
0 0.34975961538461536 0.9038461538461539 0.027644230769230768 0.027644230769230768
0 0.38100961538461536 0.9086538461538461 0.027644230769230768 0.027644230769230768
0 0.40865384615384615 0.9086538461538461 0.019230769230769232 0.027644230769230768
0 0.42788461538461536 0.9086538461538461 0.019230769230769232 0.027644230769230768
0 0.44711538461538464 0.9098557692307693 0.019230769230769232 0.02403846153846154
0 0.47596153846153844 0.9134615384615384 0.015625 0.02403846153846154
0 0.5132211538461539 0.9182692307692307 0.019230769230769232 0.03125
0 0.5408653846153846 0.9194711538461539 0.019230769230769232 0.027644230769230768
0 0.5625 0.9194711538461539 0.02403846153846154 0.027644230769230768
0 0.5817307692307693 0.9134615384615384 0.02403846153846154 0.02403846153846154
0 0.6057692307692307 0.921875 0.02403846153846154 0.02403846153846154
0 0.6346153846153846 0.921875 0.019230769230769232 0.02403846153846154
0 0.6526442307692307 0.9242788461538461 0.015625 0.027644230769230768
0 0.2692307692307692 0.6995192307692307 0.046875 0.03125
0 0.2932692307692308 0.6622596153846154 0.046875 0.03485576923076923
0 0.35697115384615385 0.703125 0.05048076923076923 0.02403846153846154
0 0.38221153846153844 0.6634615384615384 0.055288461538461536 0.046875
0 0.4026442307692308 0.703125 0.038461538461538464 0.02403846153846154
0 0.44471153846153844 0.7067307692307693 0.038461538461538464 0.02403846153846154
0 0.49278846153846156 0.7151442307692307 0.038461538461538464 0.03125
0 0.47475961538461536 0.6682692307692307 0.05048076923076923 0.038461538461538464
0 0.5408653846153846 0.7151442307692307 0.05048076923076923 0.046875
0 0.6274038461538461 0.7223557692307693 0.05048076923076923 0.038461538461538464
0 0.6742788461538461 0.7163461538461539 0.03485576923076923 0.04326923076923077
0 0.6971153846153846 0.671875 0.04326923076923077 0.046875
0 0.6538461538461539 0.671875 0.05048076923076923 0.046875
0 0.6117788461538461 0.6682692307692307 0.04326923076923077 0.046875
0 0.5661057692307693 0.6658653846153846 0.055288461538461536 0.04326923076923077
0 0.5216346153846154 0.6622596153846154 0.03485576923076923 0.04326923076923077
0 0.09975961538461539 0.9002403846153846 0.04326923076923077 0.05048076923076923
0 0.046875 0.8966346153846154 0.046875 0.04326923076923077
0 0.27524038461538464 0.5625 0.04326923076923077 0.03125
0 0.3245192307692308 0.5661057692307693 0.038461538461538464 0.03125
0 0.36778846153846156 0.5685096153846154 0.038461538461538464 0.027644230769230768
0 0.40865384615384615 0.5721153846153846 0.03485576923076923 0.027644230769230768
0 0.45552884615384615 0.578125 0.04326923076923077 0.03125
0 0.5036057692307693 0.5721153846153846 0.046875 0.027644230769230768
0 0.59375 0.5841346153846154 0.046875 0.03485576923076923
0 0.6382211538461539 0.5841346153846154 0.04326923076923077 0.03485576923076923
0 0.6850961538461539 0.5877403846153846 0.04326923076923077 0.03485576923076923
0 0.7115384615384616 0.546875 0.046875 0.046875
0 0.6586538461538461 0.5408653846153846 0.05048076923076923 0.04326923076923077
0 0.5757211538461539 0.5372596153846154 0.05048076923076923 0.05048076923076923
0 0.5288461538461539 0.53125 0.04326923076923077 0.046875
0 0.48677884615384615 0.5288461538461539 0.04326923076923077 0.05048076923076923
0 0.4375 0.53125 0.038461538461538464 0.038461538461538464
0 0.3942307692307692 0.5288461538461539 0.038461538461538464 0.04326923076923077
0 0.34975961538461536 0.5252403846153846 0.04326923076923077 0.04326923076923077
0 0.3004807692307692 0.5252403846153846 0.046875 0.04326923076923077
0 0.6935096153846154 0.44350961538461536 0.04326923076923077 0.027644230769230768
0 0.6466346153846154 0.44711538461538464 0.04326923076923077 0.03485576923076923
0 0.6033653846153846 0.44471153846153844 0.04326923076923077 0.03125
0 0.5564903846153846 0.44471153846153844 0.04326923076923077 0.038461538461538464
0 0.5132211538461539 0.4411057692307692 0.04326923076923077 0.03125
0 0.46875 0.4375 0.038461538461538464 0.03125
0 0.4254807692307692 0.4338942307692308 0.046875 0.03125
0 0.38100961538461536 0.43509615384615385 0.04326923076923077 0.03485576923076923
0 0.3317307692307692 0.42788461538461536 0.046875 0.03485576923076923
0 0.28725961538461536 0.42788461538461536 0.03485576923076923 0.03485576923076923
0 0.265625 0.37259615384615385 0.038461538461538464 0.03485576923076923
0 0.31490384615384615 0.37740384615384615 0.04326923076923077 0.04326923076923077
0 0.35697115384615385 0.37740384615384615 0.04326923076923077 0.04326923076923077
0 0.4026442307692308 0.38100961538461536 0.038461538461538464 0.05048076923076923
0 0.44471153846153844 0.390625 0.038461538461538464 0.046875
0 0.49038461538461536 0.39663461538461536 0.05048076923076923 0.04326923076923077
0 0.5336538461538461 0.39663461538461536 0.04326923076923077 0.05048076923076923
0 0.5805288461538461 0.3942307692307692 0.05048076923076923 0.046875
0 0.6225961538461539 0.4026442307692308 0.04326923076923077 0.046875
0 0.671875 0.40024038461538464 0.046875 0.05048076923076923
0 0.7163461538461539 0.4026442307692308 0.04326923076923077 0.046875
0 0.27163461538461536 0.2932692307692308 0.04326923076923077 0.03125
0 0.36177884615384615 0.29927884615384615 0.04326923076923077 0.03485576923076923
0 0.41225961538461536 0.29927884615384615 0.04326923076923077 0.03485576923076923
0 0.49399038461538464 0.30649038461538464 0.04326923076923077 0.03485576923076923
0 0.5444711538461539 0.30649038461538464 0.04326923076923077 0.03485576923076923
0 0.5901442307692307 0.3125 0.046875 0.038461538461538464
0 0.29447115384615385 0.24759615384615385 0.04326923076923077 0.04326923076923077
0 0.34134615384615385 0.2536057692307692 0.04326923076923077 0.038461538461538464
0 0.38461538461538464 0.25600961538461536 0.04326923076923077 0.04326923076923077
0 0.43028846153846156 0.24639423076923078 0.046875 0.055288461538461536
0 0.5216346153846154 0.25961538461538464 0.05048076923076923 0.05889423076923077
0 0.5697115384615384 0.25961538461538464 0.046875 0.05889423076923077
0 0.6153846153846154 0.2620192307692308 0.03485576923076923 0.055288461538461536
0 0.6622596153846154 0.265625 0.05048076923076923 0.055288461538461536
0 0.7091346153846154 0.2692307692307692 0.05048076923076923 0.046875
0 0.6778846153846154 0.3161057692307692 0.05048076923076923 0.038461538461538464
0 0.7259615384615384 0.3161057692307692 0.038461538461538464 0.03125
0 0.32572115384615385 0.15264423076923078 0.05048076923076923 0.046875
0 0.37259615384615385 0.15865384615384615 0.04326923076923077 0.04326923076923077
0 0.4182692307692308 0.15985576923076922 0.046875 0.038461538461538464
0 0.4651442307692308 0.1622596153846154 0.038461538461538464 0.03485576923076923
0 0.5072115384615384 0.15985576923076922 0.038461538461538464 0.03125
0 0.5504807692307693 0.1622596153846154 0.038461538461538464 0.04326923076923077
0 0.6009615384615384 0.1658653846153846 0.046875 0.04326923076923077
0 0.6850961538461539 0.17548076923076922 0.05048076923076923 0.046875
0 0.7367788461538461 0.1778846153846154 0.04326923076923077 0.04326923076923077
0 0.31009615384615385 0.10697115384615384 0.04326923076923077 0.05048076923076923
0 0.35336538461538464 0.11177884615384616 0.04326923076923077 0.05889423076923077
0 0.3942307692307692 0.11778846153846154 0.046875 0.046875
0 0.4411057692307692 0.125 0.046875 0.046875
0 0.484375 0.12139423076923077 0.038461538461538464 0.055288461538461536
0 0.5288461538461539 0.125 0.05048076923076923 0.046875
0 0.578125 0.12139423076923077 0.046875 0.046875
0 0.625 0.12139423076923077 0.046875 0.046875
0 0.6694711538461539 0.125 0.03485576923076923 0.046875
0 0.7127403846153846 0.1310096153846154 0.05048076923076923 0.05048076923076923
0 0.8822115384615384 0.14302884615384615 0.038461538461538464 0.04326923076923077
0 0.9122596153846154 0.11778846153846154 0.03485576923076923 0.046875
0 0.9375 0.1466346153846154 0.03125 0.04326923076923077
0 0.9711538461538461 0.11538461538461539 0.027644230769230768 0.04326923076923077
0 0.8653846153846154 0.25 0.027644230769230768 0.038461538461538464
0 0.8942307692307693 0.27884615384615385 0.03125 0.04326923076923077
0 0.9242788461538461 0.25 0.03485576923076923 0.038461538461538464
0 0.9507211538461539 0.2776442307692308 0.027644230769230768 0.046875
0 0.8569711538461539 0.4182692307692308 0.027644230769230768 0.038461538461538464
0 0.9098557692307693 0.42427884615384615 0.02403846153846154 0.04326923076923077
0 0.96875 0.4254807692307692 0.038461538461538464 0.038461538461538464
0 0.8533653846153846 0.5588942307692307 0.03485576923076923 0.038461538461538464
0 0.8822115384615384 0.5240384615384616 0.038461538461538464 0.03125
0 0.9098557692307693 0.5625 0.03125 0.038461538461538464
0 0.9399038461538461 0.5252403846153846 0.03485576923076923 0.03485576923076923
0 0.9651442307692307 0.5661057692307693 0.03125 0.038461538461538464
0 0.8401442307692307 0.6754807692307693 0.02403846153846154 0.03125
0 0.8966346153846154 0.6802884615384616 0.027644230769230768 0.038461538461538464
0 0.9615384615384616 0.6875 0.02403846153846154 0.038461538461538464