0 0.29086538461538464 0.5432692307692307 0.04326923076923077 0.038461538461538464
0 0.31490384615384615 0.5036057692307693 0.04326923076923077 0.038461538461538464
0 0.33653846153846156 0.5492788461538461 0.038461538461538464 0.03485576923076923
0 0.359375 0.5036057692307693 0.038461538461538464 0.038461538461538464
0 0.3786057692307692 0.546875 0.046875 0.038461538461538464
0 0.40625 0.5036057692307693 0.038461538461538464 0.038461538461538464
0 0.4495192307692308 0.5072115384615384 0.038461538461538464 0.038461538461538464
0 0.42788461538461536 0.5492788461538461 0.04326923076923077 0.03485576923076923
0 0.4723557692307692 0.5504807692307693 0.038461538461538464 0.03125
0 0.4963942307692308 0.5072115384615384 0.038461538461538464 0.038461538461538464
0 0.5192307692307693 0.5528846153846154 0.046875 0.03485576923076923
0 0.5432692307692307 0.5096153846153846 0.038461538461538464 0.03485576923076923
0 0.5901442307692307 0.5132211538461539 0.038461538461538464 0.03485576923076923
0 0.5625 0.5564903846153846 0.046875 0.03485576923076923
0 0.609375 0.5564903846153846 0.038461538461538464 0.03485576923076923
0 0.6346153846153846 0.515625 0.04326923076923077 0.038461538461538464
0 0.6526442307692307 0.5588942307692307 0.046875 0.038461538461538464
0 0.6598557692307693 0.6538461538461539 0.046875 0.04326923076923077
0 0.29927884615384615 0.40024038461538464 0.03485576923076923 0.03485576923076923
0 0.34375 0.4026442307692308 0.038461538461538464 0.038461538461538464
0 0.3870192307692308 0.40024038461538464 0.038461538461538464 0.03485576923076923
0 0.43028846153846156 0.40625 0.038461538461538464 0.03125
0 0.4723557692307692 0.40865384615384615 0.038461538461538464 0.03485576923076923
0 0.5192307692307693 0.40865384615384615 0.038461538461538464 0.04326923076923077
0 0.5625 0.4098557692307692 0.038461538461538464 0.038461538461538464
0 0.6069711538461539 0.41346153846153844 0.03485576923076923 0.038461538461538464
0 0.6502403846153846 0.41346153846153844 0.04326923076923077 0.038461538461538464
0 0.6742788461538461 0.375 0.04326923076923077 0.038461538461538464
0 0.6322115384615384 0.3713942307692308 0.046875 0.038461538461538464
0 0.5817307692307693 0.36899038461538464 0.038461538461538464 0.04326923076923077
0 0.5432692307692307 0.36778846153846156 0.046875 0.038461538461538464
0 0.49038461538461536 0.36538461538461536 0.04326923076923077 0.03485576923076923
0 0.44471153846153844 0.35697115384615385 0.046875 0.03485576923076923
0 0.40625 0.3629807692307692 0.038461538461538464 0.038461538461538464
0 0.3629807692307692 0.36177884615384615 0.038461538461538464 0.03485576923076923
0 0.3161057692307692 0.3557692307692308 0.046875 0.038461538461538464
0 0.4098557692307692 0.25961538461538464 0.055288461538461536 0.05889423076923077
0 0.45913461538461536 0.25961538461538464 0.04326923076923077 0.04326923076923077
0 0.5060096153846154 0.25961538461538464 0.03485576923076923 0.04326923076923077
0 0.5504807692307693 0.2620192307692308 0.038461538461538464 0.038461538461538464
0 0.5973557692307693 0.25961538461538464 0.038461538461538464 0.04326923076923077
0 0.640625 0.2620192307692308 0.038461538461538464 0.038461538461538464
0 0.28846153846153844 0.14903846153846154 0.02403846153846154 0.02403846153846154
0 0.31850961538461536 0.15625 0.019230769230769232 0.02403846153846154
0 0.34975961538461536 0.15384615384615385 0.027644230769230768 0.027644230769230768
0 0.38100961538461536 0.15865384615384615 0.027644230769230768 0.027644230769230768
0 0.40865384615384615 0.15865384615384615 0.019230769230769232 0.027644230769230768
0 0.42788461538461536 0.15865384615384615 0.019230769230769232 0.027644230769230768
0 0.44711538461538464 0.15985576923076922 0.019230769230769232 0.02403846153846154
0 0.47596153846153844 0.16346153846153846 0.015625 0.02403846153846154
0 0.5132211538461539 0.16826923076923078 0.019230769230769232 0.03125
0 0.5408653846153846 0.16947115384615385 0.019230769230769232 0.027644230769230768
0 0.5625 0.16947115384615385 0.02403846153846154 0.027644230769230768
0 0.5817307692307693 0.16346153846153846 0.02403846153846154 0.02403846153846154
0 0.6057692307692307 0.171875 0.02403846153846154 0.02403846153846154
0 0.6346153846153846 0.171875 0.019230769230769232 0.02403846153846154
0 0.6526442307692307 0.17427884615384615 0.015625 0.027644230769230768
0 0.09975961538461539 0.1502403846153846 0.04326923076923077 0.05048076923076923
0 0.046875 0.1466346153846154 0.046875 0.04326923076923077
0 0.9098557692307693 0.984375 0.015625 0.02403846153846154
0 0.921875 0.9759615384615384 0.015625 0.02403846153846154
0 0.9278846153846154 0.9867788461538461 0.01201923076923077 0.019230769230769232
0 0.9555288461538461 0.9747596153846154 0.01201923076923077 0.019230769230769232
0 0.9350961538461539 0.9723557692307693 0.01201923076923077 0.02403846153846154
0 0.9435096153846154 0.9867788461538461 0.019230769230769232 0.019230769230769232
0 0.9723557692307693 0.9759615384615384 0.015625 0.02403846153846154
0 0.9615384615384616 0.9867788461538461 0.015625 0.019230769230769232
0 0.9867788461538461 0.9759615384615384 0.01201923076923077 0.02403846153846154
0 0.90625 0.9086538461538461 0.015625 0.019230769230769232
0 0.9134615384615384 0.9242788461538461 0.015625 0.019230769230769232
0 0.9254807692307693 0.9098557692307693 0.015625 0.02403846153846154
0 0.9338942307692307 0.9242788461538461 0.015625 0.019230769230769232
0 0.9411057692307693 0.9134615384615384 0.015625 0.02403846153846154
0 0.9591346153846154 0.9098557692307693 0.01201923076923077 0.02403846153846154
0 0.9507211538461539 0.921875 0.01201923076923077 0.02403846153846154
0 0.9747596153846154 0.9134615384615384 0.01201923076923077 0.02403846153846154
0 0.9819711538461539 0.9242788461538461 0.01201923076923077 0.019230769230769232
0 0.9182692307692307 0.8617788461538461 0.015625 0.027644230769230768
0 0.9278846153846154 0.8497596153846154 0.01201923076923077 0.027644230769230768
0 0.9375 0.8677884615384616 0.015625 0.03125
0 0.953125 0.8677884615384616 0.015625 0.03125
0 0.9711538461538461 0.8629807692307693 0.01201923076923077 0.02403846153846154
0 0.9807692307692307 0.8509615384615384 0.015625 0.02403846153846154