0 0.29086538461538464 0.16826923076923078 0.04326923076923077 0.038461538461538464
0 0.31490384615384615 0.12860576923076922 0.04326923076923077 0.038461538461538464
0 0.33653846153846156 0.17427884615384615 0.038461538461538464 0.03485576923076923
0 0.359375 0.12860576923076922 0.038461538461538464 0.038461538461538464
0 0.3786057692307692 0.171875 0.046875 0.038461538461538464
0 0.40625 0.12860576923076922 0.038461538461538464 0.038461538461538464
0 0.4495192307692308 0.13221153846153846 0.038461538461538464 0.038461538461538464
0 0.42788461538461536 0.17427884615384615 0.04326923076923077 0.03485576923076923
0 0.4723557692307692 0.17548076923076922 0.038461538461538464 0.03125
0 0.4963942307692308 0.13221153846153846 0.038461538461538464 0.038461538461538464
0 0.5192307692307693 0.1778846153846154 0.046875 0.03485576923076923
0 0.5432692307692307 0.1346153846153846 0.038461538461538464 0.03485576923076923
0 0.5901442307692307 0.13822115384615385 0.038461538461538464 0.03485576923076923
0 0.5625 0.1814903846153846 0.046875 0.03485576923076923
0 0.609375 0.1814903846153846 0.038461538461538464 0.03485576923076923
0 0.6346153846153846 0.140625 0.04326923076923077 0.038461538461538464
0 0.6526442307692307 0.18389423076923078 0.046875 0.038461538461538464
0 0.6598557692307693 0.27884615384615385 0.046875 0.04326923076923077
0 0.29927884615384615 0.025240384615384616 0.03485576923076923 0.03485576923076923
0 0.34375 0.027644230769230768 0.038461538461538464 0.038461538461538464
0 0.3870192307692308 0.025240384615384616 0.038461538461538464 0.03485576923076923
0 0.43028846153846156 0.03125 0.038461538461538464 0.03125
0 0.4723557692307692 0.03365384615384615 0.038461538461538464 0.03485576923076923
0 0.5192307692307693 0.03365384615384615 0.038461538461538464 0.04326923076923077
0 0.5625 0.03485576923076923 0.038461538461538464 0.038461538461538464
0 0.6069711538461539 0.038461538461538464 0.03485576923076923 0.038461538461538464
0 0.6502403846153846 0.038461538461538464 0.04326923076923077 0.038461538461538464
0 0.8966346153846154 0.6586538461538461 0.01201923076923077 0.019230769230769232
0 0.9086538461538461 0.671875 0.01201923076923077 0.02403846153846154
0 0.9182692307692307 0.6598557692307693 0.015625 0.02403846153846154
0 0.9242788461538461 0.671875 0.01201923076923077 0.02403846153846154
0 0.9471153846153846 0.6598557692307693 0.01201923076923077 0.02403846153846154
0 0.9555288461538461 0.671875 0.01201923076923077 0.02403846153846154
0 0.9627403846153846 0.6586538461538461 0.01201923076923077 0.027644230769230768
0 0.9747596153846154 0.6742788461538461 0.01201923076923077 0.027644230769230768
0 0.9098557692307693 0.609375 0.015625 0.02403846153846154
0 0.921875 0.6009615384615384 0.015625 0.02403846153846154
0 0.9278846153846154 0.6129807692307693 0.01201923076923077 0.02403846153846154
0 0.9555288461538461 0.5997596153846154 0.01201923076923077 0.019230769230769232
0 0.9350961538461539 0.5973557692307693 0.01201923076923077 0.02403846153846154
0 0.9435096153846154 0.6153846153846154 0.019230769230769232 0.027644230769230768
0 0.9723557692307693 0.6009615384615384 0.015625 0.02403846153846154
0 0.9615384615384616 0.6117788461538461 0.015625 0.019230769230769232
0 0.90625 0.5336538461538461 0.015625 0.019230769230769232
0 0.9134615384615384 0.5492788461538461 0.015625 0.019230769230769232
0 0.9254807692307693 0.5348557692307693 0.015625 0.02403846153846154
0 0.9338942307692307 0.5492788461538461 0.015625 0.019230769230769232
0 0.9411057692307693 0.5384615384615384 0.015625 0.02403846153846154
0 0.9591346153846154 0.5348557692307693 0.01201923076923077 0.02403846153846154
0 0.9507211538461539 0.546875 0.01201923076923077 0.02403846153846154
0 0.9747596153846154 0.5384615384615384 0.01201923076923077 0.02403846153846154
0 0.9182692307692307 0.48677884615384615 0.015625 0.027644230769230768
0 0.9278846153846154 0.47475961538461536 0.01201923076923077 0.027644230769230768
0 0.9375 0.49278846153846156 0.015625 0.03125
0 0.953125 0.49278846153846156 0.015625 0.03125
0 0.9711538461538461 0.4879807692307692 0.01201923076923077 0.02403846153846154
0 0.9807692307692307 0.47596153846153844 0.015625 0.02403846153846154