0 0.8966346153846154 0.28365384615384615 0.01201923076923077 0.019230769230769232
0 0.9086538461538461 0.296875 0.01201923076923077 0.02403846153846154
0 0.9182692307692307 0.2848557692307692 0.015625 0.02403846153846154
0 0.9242788461538461 0.296875 0.01201923076923077 0.02403846153846154
0 0.9471153846153846 0.2848557692307692 0.01201923076923077 0.02403846153846154
0 0.9555288461538461 0.296875 0.01201923076923077 0.02403846153846154
0 0.9627403846153846 0.28365384615384615 0.01201923076923077 0.027644230769230768
0 0.9747596153846154 0.29927884615384615 0.01201923076923077 0.027644230769230768
0 0.9819711538461539 0.2848557692307692 0.01201923076923077 0.02403846153846154
0 0.9098557692307693 0.234375 0.015625 0.02403846153846154
0 0.921875 0.22596153846153846 0.015625 0.02403846153846154
0 0.9278846153846154 0.23798076923076922 0.01201923076923077 0.02403846153846154
0 0.9555288461538461 0.2247596153846154 0.01201923076923077 0.019230769230769232
0 0.9350961538461539 0.22235576923076922 0.01201923076923077 0.02403846153846154
0 0.9435096153846154 0.2403846153846154 0.019230769230769232 0.027644230769230768
0 0.9723557692307693 0.22596153846153846 0.015625 0.02403846153846154
0 0.9615384615384616 0.23677884615384615 0.015625 0.019230769230769232
0 0.90625 0.15865384615384615 0.015625 0.019230769230769232
0 0.9134615384615384 0.17427884615384615 0.015625 0.019230769230769232
0 0.9254807692307693 0.15985576923076922 0.015625 0.02403846153846154
0 0.9338942307692307 0.17427884615384615 0.015625 0.019230769230769232
0 0.9411057692307693 0.16346153846153846 0.015625 0.02403846153846154
0 0.9591346153846154 0.15985576923076922 0.01201923076923077 0.02403846153846154
0 0.9507211538461539 0.171875 0.01201923076923077 0.02403846153846154
0 0.9747596153846154 0.16346153846153846 0.01201923076923077 0.02403846153846154
0 0.9819711538461539 0.17427884615384615 0.01201923076923077 0.019230769230769232
0 0.9182692307692307 0.11177884615384616 0.015625 0.027644230769230768
0 0.9278846153846154 0.09975961538461539 0.01201923076923077 0.027644230769230768
0 0.9375 0.11778846153846154 0.015625 0.03125
0 0.953125 0.11778846153846154 0.015625 0.03125
0 0.9711538461538461 0.11298076923076923 0.01201923076923077 0.02403846153846154
0 0.9807692307692307 0.10096153846153846 0.015625 0.02403846153846154