0 0.015625 0.9903846153846154 0.03125 0.01201923076923077
0 0.009615384615384616 0.9086538461538461 0.019230769230769232 0.04326923076923077
0 0.04326923076923077 0.9098557692307693 0.046875 0.038461538461538464
0 0.09014423076923077 0.9122596153846154 0.038461538461538464 0.03485576923076923
0 0.13221153846153846 0.9098557692307693 0.038461538461538464 0.03125
0 0.17548076923076922 0.9122596153846154 0.038461538461538464 0.04326923076923077
0 0.22596153846153846 0.9158653846153846 0.046875 0.04326923076923077
0 0.31009615384615385 0.9254807692307693 0.05048076923076923 0.046875
0 0.36177884615384615 0.9278846153846154 0.04326923076923077 0.04326923076923077
0 0.021634615384615384 0.8677884615384616 0.04326923076923077 0.046875
0 0.06610576923076923 0.875 0.046875 0.046875
0 0.109375 0.8713942307692307 0.038461538461538464 0.055288461538461536
0 0.15384615384615385 0.875 0.05048076923076923 0.046875
0 0.203125 0.8713942307692307 0.046875 0.046875
0 0.25 0.8713942307692307 0.046875 0.046875
0 0.29447115384615385 0.875 0.03485576923076923 0.046875
0 0.33774038461538464 0.8810096153846154 0.05048076923076923 0.05048076923076923
0 0.5072115384615384 0.8930288461538461 0.038461538461538464 0.04326923076923077
0 0.5372596153846154 0.8677884615384616 0.03485576923076923 0.046875
0 0.5625 0.8966346153846154 0.03125 0.04326923076923077
0 0.5961538461538461 0.8653846153846154 0.027644230769230768 0.04326923076923077
0 0.6213942307692307 0.8990384615384616 0.038461538461538464 0.038461538461538464
0 0.6586538461538461 0.8725961538461539 0.027644230769230768 0.04326923076923077
0 0.6814903846153846 0.90625 0.03485576923076923 0.038461538461538464
0 0.7127403846153846 0.875 0.027644230769230768 0.046875
0 0.7427884615384616 0.9038461538461539 0.03125 0.04326923076923077