0 0.009615384615384616 0.9086538461538461 0.019230769230769232 0.027644230769230768
0 0.03365384615384615 0.9086538461538461 0.019230769230769232 0.027644230769230768
0 0.052884615384615384 0.9086538461538461 0.019230769230769232 0.027644230769230768
0 0.07211538461538461 0.9098557692307693 0.019230769230769232 0.02403846153846154
0 0.10096153846153846 0.9134615384615384 0.015625 0.02403846153846154
0 0.13822115384615385 0.9182692307692307 0.019230769230769232 0.03125
0 0.1658653846153846 0.9194711538461539 0.019230769230769232 0.027644230769230768
0 0.1875 0.9194711538461539 0.02403846153846154 0.027644230769230768
0 0.20673076923076922 0.9134615384615384 0.02403846153846154 0.02403846153846154
0 0.23076923076923078 0.921875 0.02403846153846154 0.02403846153846154
0 0.25961538461538464 0.921875 0.019230769230769232 0.02403846153846154
0 0.2776442307692308 0.9242788461538461 0.015625 0.027644230769230768
0 0.018028846153846152 0.6634615384615384 0.03485576923076923 0.046875
0 0.027644230769230768 0.703125 0.038461538461538464 0.02403846153846154
0 0.06971153846153846 0.7067307692307693 0.038461538461538464 0.02403846153846154
0 0.11778846153846154 0.7151442307692307 0.038461538461538464 0.03125
0 0.09975961538461539 0.6682692307692307 0.05048076923076923 0.038461538461538464
0 0.1658653846153846 0.7151442307692307 0.05048076923076923 0.046875
0 0.25240384615384615 0.7223557692307693 0.05048076923076923 0.038461538461538464
0 0.29927884615384615 0.7163461538461539 0.03485576923076923 0.04326923076923077
0 0.32211538461538464 0.671875 0.04326923076923077 0.046875
0 0.27884615384615385 0.671875 0.05048076923076923 0.046875
0 0.23677884615384615 0.6682692307692307 0.04326923076923077 0.046875
0 0.19110576923076922 0.6658653846153846 0.055288461538461536 0.04326923076923077
0 0.1466346153846154 0.6622596153846154 0.03485576923076923 0.04326923076923077
0 0.03365384615384615 0.5721153846153846 0.03485576923076923 0.027644230769230768
0 0.08052884615384616 0.578125 0.04326923076923077 0.03125
0 0.12860576923076922 0.5721153846153846 0.046875 0.027644230769230768
0 0.21875 0.5841346153846154 0.046875 0.03485576923076923
0 0.26322115384615385 0.5841346153846154 0.04326923076923077 0.03485576923076923
0 0.31009615384615385 0.5877403846153846 0.04326923076923077 0.03485576923076923
0 0.33653846153846156 0.546875 0.046875 0.046875
0 0.28365384615384615 0.5408653846153846 0.05048076923076923 0.04326923076923077
0 0.20072115384615385 0.5372596153846154 0.05048076923076923 0.05048076923076923
0 0.15384615384615385 0.53125 0.04326923076923077 0.046875
0 0.11177884615384616 0.5288461538461539 0.04326923076923077 0.05048076923076923
0 0.0625 0.53125 0.038461538461538464 0.038461538461538464
0 0.019230769230769232 0.5288461538461539 0.038461538461538464 0.04326923076923077
0 0.31850961538461536 0.44350961538461536 0.04326923076923077 0.027644230769230768
0 0.27163461538461536 0.44711538461538464 0.04326923076923077 0.03485576923076923
0 0.2283653846153846 0.44471153846153844 0.04326923076923077 0.03125
0 0.1814903846153846 0.44471153846153844 0.04326923076923077 0.038461538461538464
0 0.13822115384615385 0.4411057692307692 0.04326923076923077 0.03125
0 0.09375 0.4375 0.038461538461538464 0.03125
0 0.05048076923076923 0.4338942307692308 0.046875 0.03125
0 0.013221153846153846 0.4338942307692308 0.026442307692307692 0.036057692307692304
0 0.027644230769230768 0.38100961538461536 0.038461538461538464 0.05048076923076923
0 0.06971153846153846 0.390625 0.038461538461538464 0.046875
0 0.11538461538461539 0.39663461538461536 0.05048076923076923 0.04326923076923077
0 0.15865384615384615 0.39663461538461536 0.04326923076923077 0.05048076923076923
0 0.20552884615384615 0.3942307692307692 0.05048076923076923 0.046875
0 0.24759615384615385 0.4026442307692308 0.04326923076923077 0.046875
0 0.296875 0.40024038461538464 0.046875 0.05048076923076923
0 0.34134615384615385 0.4026442307692308 0.04326923076923077 0.046875
0 0.037259615384615384 0.29927884615384615 0.04326923076923077 0.03485576923076923
0 0.11899038461538461 0.30649038461538464 0.04326923076923077 0.03485576923076923
0 0.16947115384615385 0.30649038461538464 0.04326923076923077 0.03485576923076923
0 0.21514423076923078 0.3125 0.046875 0.038461538461538464
0 0.015625 0.25600961538461536 0.03125 0.04326923076923077
0 0.055288461538461536 0.24639423076923078 0.046875 0.055288461538461536
0 0.1466346153846154 0.25961538461538464 0.05048076923076923 0.05889423076923077
0 0.19471153846153846 0.25961538461538464 0.046875 0.05889423076923077
0 0.2403846153846154 0.2620192307692308 0.03485576923076923 0.055288461538461536
0 0.28725961538461536 0.265625 0.05048076923076923 0.055288461538461536
0 0.33413461538461536 0.2692307692307692 0.05048076923076923 0.046875
0 0.30288461538461536 0.3161057692307692 0.05048076923076923 0.038461538461538464
0 0.35096153846153844 0.3161057692307692 0.038461538461538464 0.03125
0 0.04326923076923077 0.15985576923076922 0.046875 0.038461538461538464
0 0.09014423076923077 0.1622596153846154 0.038461538461538464 0.03485576923076923
0 0.13221153846153846 0.15985576923076922 0.038461538461538464 0.03125
0 0.17548076923076922 0.1622596153846154 0.038461538461538464 0.04326923076923077
0 0.22596153846153846 0.1658653846153846 0.046875 0.04326923076923077
0 0.31009615384615385 0.17548076923076922 0.05048076923076923 0.046875
0 0.36177884615384615 0.1778846153846154 0.04326923076923077 0.04326923076923077
0 0.021634615384615384 0.11778846153846154 0.04326923076923077 0.046875
0 0.06610576923076923 0.125 0.046875 0.046875
0 0.109375 0.12139423076923077 0.038461538461538464 0.055288461538461536
0 0.15384615384615385 0.125 0.05048076923076923 0.046875
0 0.203125 0.12139423076923077 0.046875 0.046875
0 0.25 0.12139423076923077 0.046875 0.046875
0 0.29447115384615385 0.125 0.03485576923076923 0.046875
0 0.33774038461538464 0.1310096153846154 0.05048076923076923 0.05048076923076923
0 0.5072115384615384 0.14302884615384615 0.038461538461538464 0.04326923076923077
0 0.5372596153846154 0.11778846153846154 0.03485576923076923 0.046875
0 0.5625 0.1466346153846154 0.03125 0.04326923076923077
0 0.5961538461538461 0.11538461538461539 0.027644230769230768 0.04326923076923077
0 0.6213942307692307 0.14903846153846154 0.038461538461538464 0.038461538461538464
0 0.6586538461538461 0.12259615384615384 0.027644230769230768 0.04326923076923077
0 0.6814903846153846 0.15625 0.03485576923076923 0.038461538461538464
0 0.7127403846153846 0.125 0.027644230769230768 0.046875
0 0.7427884615384616 0.15384615384615385 0.03125 0.04326923076923077
0 0.49038461538461536 0.25 0.027644230769230768 0.038461538461538464
0 0.5192307692307693 0.27884615384615385 0.03125 0.04326923076923077
0 0.5492788461538461 0.25 0.03485576923076923 0.038461538461538464
0 0.5757211538461539 0.2776442307692308 0.027644230769230768 0.046875
0 0.6322115384615384 0.28846153846153844 0.03125 0.038461538461538464
0 0.671875 0.25961538461538464 0.03125 0.04326923076923077
0 0.6947115384615384 0.2932692307692308 0.02403846153846154 0.038461538461538464
0 0.7259615384615384 0.26322115384615385 0.03125 0.04326923076923077
0 0.78125 0.2620192307692308 0.03125 0.03125
0 0.7572115384615384 0.29086538461538464 0.03125 0.04326923076923077
0 0.48197115384615385 0.4182692307692308 0.027644230769230768 0.038461538461538464
0 0.5348557692307693 0.42427884615384615 0.02403846153846154 0.04326923076923077
0 0.59375 0.4254807692307692 0.038461538461538464 0.038461538461538464
0 0.6538461538461539 0.42788461538461536 0.04326923076923077 0.03485576923076923
0 0.47836538461538464 0.5588942307692307 0.03485576923076923 0.038461538461538464
0 0.5072115384615384 0.5240384615384616 0.038461538461538464 0.03125
0 0.5348557692307693 0.5625 0.03125 0.038461538461538464
0 0.5649038461538461 0.5252403846153846 0.03485576923076923 0.03485576923076923
0 0.5901442307692307 0.5661057692307693 0.03125 0.038461538461538464
0 0.6225961538461539 0.5336538461538461 0.03485576923076923 0.04326923076923077
0 0.6502403846153846 0.5745192307692307 0.03485576923076923 0.038461538461538464
0 0.6850961538461539 0.5348557692307693 0.027644230769230768 0.046875
0 0.7151442307692307 0.5661057692307693 0.03125 0.038461538461538464
0 0.7439903846153846 0.5432692307692307 0.03485576923076923 0.046875
0 0.765625 0.5745192307692307 0.02403846153846154 0.03125
0 0.4651442307692308 0.6754807692307693 0.02403846153846154 0.03125
0 0.5216346153846154 0.6802884615384616 0.027644230769230768 0.038461538461538464
0 0.5865384615384616 0.6875 0.02403846153846154 0.038461538461538464
0 0.6466346153846154 0.6911057692307693 0.027644230769230768 0.046875
0 0.6995192307692307 0.6911057692307693 0.03125 0.046875
0 0.75 0.6899038461538461 0.038461538461538464 0.03485576923076923
0 0.9567307692307693 0.36177884615384615 0.038461538461538464 0.03485576923076923
0 0.984375 0.40024038461538464 0.02403846153846154 0.04326923076923077
0 0.9254807692307693 0.5252403846153846 0.02403846153846154 0.03485576923076923
0 0.9807692307692307 0.5336538461538461 0.03125 0.03485576923076923
0 0.9158653846153846 0.6754807692307693 0.03485576923076923 0.046875
0 0.9495192307692307 0.6370192307692307 0.03125 0.038461538461538464
0 0.9759615384615384 0.671875 0.03125 0.038461538461538464
0 0.90625 0.8088942307692307 0.03125 0.038461538461538464
0 0.9375 0.7776442307692307 0.03125 0.038461538461538464
0 0.9663461538461539 0.8149038461538461 0.03485576923076923 0.04326923076923077
0 0.8942307692307693 0.9627403846153846 0.03125 0.04326923076923077
0 0.9242788461538461 0.9879807692307693 0.027644230769230768 0.015625
0 0.9555288461538461 0.9627403846153846 0.027644230769230768 0.04326923076923077