0 0.013221153846153846 0.9206730769230769 0.026442307692307692 0.038461538461538464
0 0.03125 0.8786057692307693 0.038461538461538464 0.038461538461538464
0 0.07451923076923077 0.8822115384615384 0.038461538461538464 0.038461538461538464
0 0.052884615384615384 0.9242788461538461 0.04326923076923077 0.03485576923076923
0 0.09735576923076923 0.9254807692307693 0.038461538461538464 0.03125
0 0.12139423076923077 0.8822115384615384 0.038461538461538464 0.038461538461538464
0 0.14423076923076922 0.9278846153846154 0.046875 0.03485576923076923
0 0.16826923076923078 0.8846153846153846 0.038461538461538464 0.03485576923076923
0 0.21514423076923078 0.8882211538461539 0.038461538461538464 0.03485576923076923
0 0.1875 0.9314903846153846 0.046875 0.03485576923076923
0 0.234375 0.9314903846153846 0.038461538461538464 0.03485576923076923
0 0.25961538461538464 0.890625 0.04326923076923077 0.038461538461538464
0 0.2776442307692308 0.9338942307692307 0.046875 0.038461538461538464
0 0.015625 0.7752403846153846 0.03125 0.03485576923076923
0 0.055288461538461536 0.78125 0.038461538461538464 0.03125
0 0.09735576923076923 0.7836538461538461 0.038461538461538464 0.03485576923076923
0 0.14423076923076922 0.7836538461538461 0.038461538461538464 0.04326923076923077
0 0.1875 0.7848557692307693 0.038461538461538464 0.038461538461538464
0 0.23197115384615385 0.7884615384615384 0.03485576923076923 0.038461538461538464
0 0.27524038461538464 0.7884615384615384 0.04326923076923077 0.038461538461538464
0 0.29927884615384615 0.75 0.04326923076923077 0.038461538461538464
0 0.25721153846153844 0.7463942307692307 0.046875 0.038461538461538464
0 0.20673076923076922 0.7439903846153846 0.038461538461538464 0.04326923076923077
0 0.16826923076923078 0.7427884615384616 0.046875 0.038461538461538464
0 0.11538461538461539 0.7403846153846154 0.04326923076923077 0.03485576923076923
0 0.06971153846153846 0.7319711538461539 0.046875 0.03485576923076923
0 0.03125 0.7379807692307693 0.038461538461538464 0.038461538461538464
0 0.03485576923076923 0.6346153846153846 0.055288461538461536 0.05889423076923077
0 0.08413461538461539 0.6346153846153846 0.04326923076923077 0.04326923076923077
0 0.1310096153846154 0.6346153846153846 0.03485576923076923 0.04326923076923077
0 0.17548076923076922 0.6370192307692307 0.038461538461538464 0.038461538461538464
0 0.22235576923076922 0.6346153846153846 0.038461538461538464 0.04326923076923077
0 0.265625 0.6370192307692307 0.038461538461538464 0.038461538461538464
0 0.009615384615384616 0.5336538461538461 0.019230769230769232 0.027644230769230768
0 0.03365384615384615 0.5336538461538461 0.019230769230769232 0.027644230769230768
0 0.052884615384615384 0.5336538461538461 0.019230769230769232 0.027644230769230768
0 0.07211538461538461 0.5348557692307693 0.019230769230769232 0.02403846153846154
0 0.10096153846153846 0.5384615384615384 0.015625 0.02403846153846154
0 0.13822115384615385 0.5432692307692307 0.019230769230769232 0.03125
0 0.1658653846153846 0.5444711538461539 0.019230769230769232 0.027644230769230768
0 0.1875 0.5444711538461539 0.02403846153846154 0.027644230769230768
0 0.20673076923076922 0.5384615384615384 0.02403846153846154 0.02403846153846154
0 0.23076923076923078 0.546875 0.02403846153846154 0.02403846153846154
0 0.25961538461538464 0.546875 0.019230769230769232 0.02403846153846154
0 0.2776442307692308 0.5492788461538461 0.015625 0.027644230769230768
0 0.018028846153846152 0.28846153846153844 0.03485576923076923 0.046875
0 0.027644230769230768 0.328125 0.038461538461538464 0.02403846153846154
0 0.06971153846153846 0.3317307692307692 0.038461538461538464 0.02403846153846154
0 0.11778846153846154 0.3401442307692308 0.038461538461538464 0.03125
0 0.09975961538461539 0.2932692307692308 0.05048076923076923 0.038461538461538464
0 0.1658653846153846 0.3401442307692308 0.05048076923076923 0.046875
0 0.25240384615384615 0.3473557692307692 0.05048076923076923 0.038461538461538464
0 0.29927884615384615 0.34134615384615385 0.03485576923076923 0.04326923076923077
0 0.32211538461538464 0.296875 0.04326923076923077 0.046875
0 0.27884615384615385 0.296875 0.05048076923076923 0.046875
0 0.23677884615384615 0.2932692307692308 0.04326923076923077 0.046875
0 0.19110576923076922 0.29086538461538464 0.055288461538461536 0.04326923076923077
0 0.1466346153846154 0.28725961538461536 0.03485576923076923 0.04326923076923077
0 0.03365384615384615 0.1971153846153846 0.03485576923076923 0.027644230769230768
0 0.08052884615384616 0.203125 0.04326923076923077 0.03125
0 0.12860576923076922 0.1971153846153846 0.046875 0.027644230769230768
0 0.21875 0.2091346153846154 0.046875 0.03485576923076923
0 0.26322115384615385 0.2091346153846154 0.04326923076923077 0.03485576923076923
0 0.31009615384615385 0.2127403846153846 0.04326923076923077 0.03485576923076923
0 0.33653846153846156 0.171875 0.046875 0.046875
0 0.28365384615384615 0.1658653846153846 0.05048076923076923 0.04326923076923077
0 0.20072115384615385 0.1622596153846154 0.05048076923076923 0.05048076923076923
0 0.15384615384615385 0.15625 0.04326923076923077 0.046875
0 0.11177884615384616 0.15384615384615385 0.04326923076923077 0.05048076923076923
0 0.0625 0.15625 0.038461538461538464 0.038461538461538464
0 0.019230769230769232 0.15384615384615385 0.038461538461538464 0.04326923076923077
0 0.31850961538461536 0.06850961538461539 0.04326923076923077 0.027644230769230768
0 0.27163461538461536 0.07211538461538461 0.04326923076923077 0.03485576923076923
0 0.2283653846153846 0.06971153846153846 0.04326923076923077 0.03125
0 0.1814903846153846 0.06971153846153846 0.04326923076923077 0.038461538461538464
0 0.13822115384615385 0.06610576923076923 0.04326923076923077 0.03125
0 0.09375 0.0625 0.038461538461538464 0.03125
0 0.05048076923076923 0.05889423076923077 0.046875 0.03125
0 0.013221153846153846 0.05889423076923077 0.026442307692307692 0.036057692307692304
0 0.027644230769230768 0.015625 0.038461538461538464 0.03125
0 0.06971153846153846 0.019230769230769232 0.038461538461538464 0.038461538461538464
0 0.11538461538461539 0.021634615384615384 0.05048076923076923 0.04326923076923077
0 0.15865384615384615 0.02403846153846154 0.04326923076923077 0.046875
0 0.20552884615384615 0.021634615384615384 0.05048076923076923 0.04326923076923077
0 0.24759615384615385 0.027644230769230768 0.04326923076923077 0.046875
0 0.296875 0.025240384615384616 0.046875 0.05048076923076923
0 0.34134615384615385 0.027644230769230768 0.04326923076923077 0.046875
0 0.48197115384615385 0.04326923076923077 0.027644230769230768 0.038461538461538464
0 0.5348557692307693 0.04927884615384615 0.02403846153846154 0.04326923076923077
0 0.59375 0.05048076923076923 0.038461538461538464 0.038461538461538464
0 0.6538461538461539 0.052884615384615384 0.04326923076923077 0.03485576923076923
0 0.47836538461538464 0.18389423076923078 0.03485576923076923 0.038461538461538464
0 0.5072115384615384 0.14903846153846154 0.038461538461538464 0.03125
0 0.5348557692307693 0.1875 0.03125 0.038461538461538464
0 0.5649038461538461 0.1502403846153846 0.03485576923076923 0.03485576923076923
0 0.5901442307692307 0.19110576923076922 0.03125 0.038461538461538464
0 0.6225961538461539 0.15865384615384615 0.03485576923076923 0.04326923076923077
0 0.6502403846153846 0.19951923076923078 0.03485576923076923 0.038461538461538464
0 0.6850961538461539 0.15985576923076922 0.027644230769230768 0.046875
0 0.7151442307692307 0.19110576923076922 0.03125 0.038461538461538464
0 0.7439903846153846 0.16826923076923078 0.03485576923076923 0.046875
0 0.765625 0.19951923076923078 0.02403846153846154 0.03125
0 0.4651442307692308 0.3004807692307692 0.02403846153846154 0.03125
0 0.5216346153846154 0.30528846153846156 0.027644230769230768 0.038461538461538464
0 0.5865384615384616 0.3125 0.02403846153846154 0.038461538461538464
0 0.6466346153846154 0.3161057692307692 0.027644230769230768 0.046875
0 0.6995192307692307 0.3161057692307692 0.03125 0.046875
0 0.75 0.31490384615384615 0.038461538461538464 0.03485576923076923
0 0.9567307692307693 0.002403846153846154 0.038461538461538464 0.003605769230769231
0 0.984375 0.025240384615384616 0.02403846153846154 0.04326923076923077
0 0.9254807692307693 0.1502403846153846 0.02403846153846154 0.03485576923076923
0 0.9807692307692307 0.15865384615384615 0.03125 0.03485576923076923
0 0.9158653846153846 0.3004807692307692 0.03485576923076923 0.046875
0 0.9495192307692307 0.2620192307692308 0.03125 0.038461538461538464
0 0.9759615384615384 0.296875 0.03125 0.038461538461538464
0 0.9939903846153846 0.26322115384615385 0.003605769230769231 0.03485576923076923
0 0.90625 0.4338942307692308 0.03125 0.038461538461538464
0 0.9375 0.4026442307692308 0.03125 0.038461538461538464
0 0.9663461538461539 0.43990384615384615 0.03485576923076923 0.04326923076923077
0 0.8629807692307693 0.6153846153846154 0.03125 0.03485576923076923
0 0.8942307692307693 0.5877403846153846 0.03125 0.04326923076923077
0 0.9242788461538461 0.625 0.027644230769230768 0.038461538461538464
0 0.9555288461538461 0.5877403846153846 0.027644230769230768 0.04326923076923077
0 0.9819711538461539 0.6225961538461539 0.027644230769230768 0.04326923076923077
0 0.8569711538461539 0.7884615384615384 0.027644230769230768 0.038461538461538464
0 0.8882211538461539 0.7596153846153846 0.027644230769230768 0.04326923076923077
0 0.9182692307692307 0.7908653846153846 0.03125 0.03485576923076923
0 0.9435096153846154 0.7560096153846154 0.03485576923076923 0.03485576923076923
0 0.9723557692307693 0.7932692307692307 0.038461538461538464 0.046875
0 0.9939903846153846 0.7632211538461539 0.003605769230769231 0.04326923076923077
0 0.8473557692307693 0.9314903846153846 0.03125 0.04326923076923077
0 0.8786057692307693 0.8942307692307693 0.038461538461538464 0.038461538461538464
0 0.90625 0.9278846153846154 0.046875 0.03485576923076923
0 0.9375 0.9002403846153846 0.03125 0.03485576923076923
0 0.9651442307692307 0.9314903846153846 0.03125 0.03485576923076923