0 0.013221153846153846 0.5456730769230769 0.026442307692307692 0.038461538461538464
0 0.03125 0.5036057692307693 0.038461538461538464 0.038461538461538464
0 0.07451923076923077 0.5072115384615384 0.038461538461538464 0.038461538461538464
0 0.052884615384615384 0.5492788461538461 0.04326923076923077 0.03485576923076923
0 0.09735576923076923 0.5504807692307693 0.038461538461538464 0.03125
0 0.12139423076923077 0.5072115384615384 0.038461538461538464 0.038461538461538464
0 0.14423076923076922 0.5528846153846154 0.046875 0.03485576923076923
0 0.16826923076923078 0.5096153846153846 0.038461538461538464 0.03485576923076923
0 0.21514423076923078 0.5132211538461539 0.038461538461538464 0.03485576923076923
0 0.1875 0.5564903846153846 0.046875 0.03485576923076923
0 0.234375 0.5564903846153846 0.038461538461538464 0.03485576923076923
0 0.25961538461538464 0.515625 0.04326923076923077 0.038461538461538464
0 0.2776442307692308 0.5588942307692307 0.046875 0.038461538461538464
0 0.2848557692307692 0.6538461538461539 0.046875 0.04326923076923077
0 0.015625 0.40024038461538464 0.03125 0.03485576923076923
0 0.055288461538461536 0.40625 0.038461538461538464 0.03125
0 0.09735576923076923 0.40865384615384615 0.038461538461538464 0.03485576923076923
0 0.14423076923076922 0.40865384615384615 0.038461538461538464 0.04326923076923077
0 0.1875 0.4098557692307692 0.038461538461538464 0.038461538461538464
0 0.23197115384615385 0.41346153846153844 0.03485576923076923 0.038461538461538464
0 0.27524038461538464 0.41346153846153844 0.04326923076923077 0.038461538461538464
0 0.29927884615384615 0.375 0.04326923076923077 0.038461538461538464
0 0.25721153846153844 0.3713942307692308 0.046875 0.038461538461538464
0 0.20673076923076922 0.36899038461538464 0.038461538461538464 0.04326923076923077
0 0.16826923076923078 0.36778846153846156 0.046875 0.038461538461538464
0 0.11538461538461539 0.36538461538461536 0.04326923076923077 0.03485576923076923
0 0.06971153846153846 0.35697115384615385 0.046875 0.03485576923076923
0 0.03125 0.3629807692307692 0.038461538461538464 0.038461538461538464
0 0.03485576923076923 0.25961538461538464 0.055288461538461536 0.05889423076923077
0 0.08413461538461539 0.25961538461538464 0.04326923076923077 0.04326923076923077
0 0.1310096153846154 0.25961538461538464 0.03485576923076923 0.04326923076923077
0 0.17548076923076922 0.2620192307692308 0.038461538461538464 0.038461538461538464
0 0.22235576923076922 0.25961538461538464 0.038461538461538464 0.04326923076923077
0 0.265625 0.2620192307692308 0.038461538461538464 0.038461538461538464
0 0.009615384615384616 0.15865384615384615 0.019230769230769232 0.027644230769230768
0 0.03365384615384615 0.15865384615384615 0.019230769230769232 0.027644230769230768
0 0.052884615384615384 0.15865384615384615 0.019230769230769232 0.027644230769230768
0 0.07211538461538461 0.15985576923076922 0.019230769230769232 0.02403846153846154
0 0.10096153846153846 0.16346153846153846 0.015625 0.02403846153846154
0 0.13822115384615385 0.16826923076923078 0.019230769230769232 0.03125
0 0.1658653846153846 0.16947115384615385 0.019230769230769232 0.027644230769230768
0 0.1875 0.16947115384615385 0.02403846153846154 0.027644230769230768
0 0.20673076923076922 0.16346153846153846 0.02403846153846154 0.02403846153846154
0 0.23076923076923078 0.171875 0.02403846153846154 0.02403846153846154
0 0.25961538461538464 0.171875 0.019230769230769232 0.02403846153846154
0 0.2776442307692308 0.17427884615384615 0.015625 0.027644230769230768
0 0.90625 0.05889423076923077 0.03125 0.038461538461538464
0 0.9375 0.027644230769230768 0.03125 0.038461538461538464
0 0.9663461538461539 0.06490384615384616 0.03485576923076923 0.04326923076923077
0 0.8629807692307693 0.2403846153846154 0.03125 0.03485576923076923
0 0.8942307692307693 0.2127403846153846 0.03125 0.04326923076923077
0 0.9242788461538461 0.25 0.027644230769230768 0.038461538461538464
0 0.9555288461538461 0.2127403846153846 0.027644230769230768 0.04326923076923077
0 0.9819711538461539 0.24759615384615385 0.027644230769230768 0.04326923076923077
0 0.8569711538461539 0.41346153846153844 0.027644230769230768 0.038461538461538464
0 0.8882211538461539 0.38461538461538464 0.027644230769230768 0.04326923076923077
0 0.9182692307692307 0.41586538461538464 0.03125 0.03485576923076923
0 0.9435096153846154 0.38100961538461536 0.03485576923076923 0.03485576923076923
0 0.9723557692307693 0.4182692307692308 0.038461538461538464 0.046875
0 0.8473557692307693 0.5564903846153846 0.03125 0.04326923076923077
0 0.8786057692307693 0.5192307692307693 0.038461538461538464 0.038461538461538464
0 0.90625 0.5528846153846154 0.046875 0.03485576923076923
0 0.9375 0.5252403846153846 0.03125 0.03485576923076923
0 0.9651442307692307 0.5564903846153846 0.03125 0.03485576923076923
0 0.84375 0.6838942307692307 0.038461538461538464 0.03125
0 0.8725961538461539 0.6538461538461539 0.04326923076923077 0.03485576923076923
0 0.9038461538461539 0.6899038461538461 0.03485576923076923 0.03485576923076923
0 0.9278846153846154 0.65625 0.03485576923076923 0.038461538461538464
0 0.9567307692307693 0.703125 0.038461538461538464 0.046875
0 0.9819711538461539 0.6658653846153846 0.027644230769230768 0.04326923076923077
0 0.8365384615384616 0.828125 0.03125 0.038461538461538464
0 0.8689903846153846 0.7932692307692307 0.027644230769230768 0.038461538461538464
0 0.8966346153846154 0.8305288461538461 0.027644230769230768 0.04326923076923077
0 0.9278846153846154 0.7932692307692307 0.027644230769230768 0.038461538461538464
0 0.9555288461538461 0.8317307692307693 0.027644230769230768 0.038461538461538464
0 0.9819711538461539 0.7992788461538461 0.027644230769230768 0.03485576923076923
0 0.828125 0.9615384615384616 0.03125 0.038461538461538464
0 0.859375 0.9399038461538461 0.03125 0.05048076923076923
0 0.9134615384615384 0.9314903846153846 0.038461538461538464 0.04326923076923077
0 0.8882211538461539 0.9663461538461539 0.027644230769230768 0.03485576923076923
0 0.9471153846153846 0.9663461538461539 0.027644230769230768 0.03485576923076923
0 0.9747596153846154 0.9375 0.027644230769230768 0.038461538461538464
0 0.546875 0.9759615384615384 0.015625 0.02403846153846154
0 0.703125 0.9783653846153846 0.015625 0.019230769230769232
0 0.6838942307692307 0.9807692307692307 0.015625 0.02403846153846154
0 0.6490384615384616 0.9783653846153846 0.015625 0.027644230769230768
0 0.6658653846153846 0.9783653846153846 0.01201923076923077 0.027644230769230768
0 0.6286057692307693 0.9759615384615384 0.015625 0.02403846153846154
0 0.5805288461538461 0.9747596153846154 0.01201923076923077 0.019230769230769232
0 0.5600961538461539 0.9723557692307693 0.01201923076923077 0.02403846153846154
0 0.5973557692307693 0.9759615384615384 0.015625 0.02403846153846154
0 0.6117788461538461 0.9759615384615384 0.01201923076923077 0.02403846153846154
0 0.53125 0.9086538461538461 0.015625 0.019230769230769232
0 0.5384615384615384 0.9242788461538461 0.015625 0.019230769230769232
0 0.5504807692307693 0.9098557692307693 0.015625 0.02403846153846154
0 0.5588942307692307 0.9242788461538461 0.015625 0.019230769230769232
0 0.5661057692307693 0.9134615384615384 0.015625 0.02403846153846154
0 0.5841346153846154 0.9098557692307693 0.01201923076923077 0.02403846153846154
0 0.5757211538461539 0.921875 0.01201923076923077 0.02403846153846154
0 0.7151442307692307 0.9302884615384616 0.015625 0.02403846153846154
0 0.7091346153846154 0.9182692307692307 0.019230769230769232 0.02403846153846154
0 0.6875 0.9182692307692307 0.015625 0.02403846153846154
0 0.6947115384615384 0.9278846153846154 0.015625 0.027644230769230768
0 0.6694711538461539 0.9182692307692307 0.01201923076923077 0.02403846153846154
0 0.6598557692307693 0.9302884615384616 0.015625 0.02403846153846154
0 0.6538461538461539 0.9158653846153846 0.019230769230769232 0.019230769230769232
0 0.6346153846153846 0.9182692307692307 0.01201923076923077 0.02403846153846154
0 0.5997596153846154 0.9134615384615384 0.01201923076923077 0.02403846153846154
0 0.6069711538461539 0.9242788461538461 0.01201923076923077 0.019230769230769232
0 0.6189903846153846 0.9134615384615384 0.01201923076923077 0.02403846153846154
0 0.6274038461538461 0.9254807692307693 0.01201923076923077 0.02403846153846154
0 0.5432692307692307 0.8617788461538461 0.015625 0.027644230769230768
0 0.5528846153846154 0.8497596153846154 0.01201923076923077 0.027644230769230768
0 0.5625 0.8677884615384616 0.015625 0.03125
0 0.578125 0.8677884615384616 0.015625 0.03125
0 0.5961538461538461 0.8629807692307693 0.01201923076923077 0.02403846153846154
0 0.6057692307692307 0.8509615384615384 0.015625 0.02403846153846154
0 0.6177884615384616 0.8617788461538461 0.015625 0.019230769230769232
0 0.6310096153846154 0.8629807692307693 0.01201923076923077 0.02403846153846154
0 0.6430288461538461 0.8497596153846154 0.01201923076923077 0.019230769230769232
0 0.6490384615384616 0.8677884615384616 0.015625 0.02403846153846154
0 0.6586538461538461 0.8509615384615384 0.01201923076923077 0.02403846153846154
0 0.6658653846153846 0.8689903846153846 0.01201923076923077 0.027644230769230768
0 0.6850961538461539 0.8677884615384616 0.01201923076923077 0.02403846153846154
0 0.6935096153846154 0.8533653846153846 0.01201923076923077 0.019230769230769232
0 0.6754807692307693 0.8533653846153846 0.015625 0.027644230769230768
0 0.7007211538461539 0.8689903846153846 0.01201923076923077 0.027644230769230768
0 0.7163461538461539 0.8689903846153846 0.01201923076923077 0.027644230769230768
0 0.7091346153846154 0.8533653846153846 0.01201923076923077 0.019230769230769232