0 0.8365384615384616 0.078125 0.03125 0.038461538461538464
0 0.8689903846153846 0.04326923076923077 0.027644230769230768 0.038461538461538464
0 0.8966346153846154 0.08052884615384616 0.027644230769230768 0.04326923076923077
0 0.9278846153846154 0.04326923076923077 0.027644230769230768 0.038461538461538464
0 0.9555288461538461 0.08173076923076923 0.027644230769230768 0.038461538461538464
0 0.9819711538461539 0.04927884615384615 0.027644230769230768 0.03485576923076923
0 0.828125 0.21153846153846154 0.03125 0.038461538461538464
0 0.859375 0.18990384615384615 0.03125 0.05048076923076923
0 0.9134615384615384 0.1814903846153846 0.038461538461538464 0.04326923076923077
0 0.8882211538461539 0.21634615384615385 0.027644230769230768 0.03485576923076923
0 0.9471153846153846 0.21634615384615385 0.027644230769230768 0.03485576923076923
0 0.9747596153846154 0.1875 0.027644230769230768 0.038461538461538464
0 0.5216346153846154 0.28365384615384615 0.01201923076923077 0.019230769230769232
0 0.5336538461538461 0.296875 0.01201923076923077 0.02403846153846154
0 0.5432692307692307 0.2848557692307692 0.015625 0.02403846153846154
0 0.5492788461538461 0.296875 0.01201923076923077 0.02403846153846154
0 0.5721153846153846 0.2848557692307692 0.01201923076923077 0.02403846153846154
0 0.5805288461538461 0.296875 0.01201923076923077 0.02403846153846154
0 0.5877403846153846 0.28365384615384615 0.01201923076923077 0.027644230769230768
0 0.5997596153846154 0.29927884615384615 0.01201923076923077 0.027644230769230768
0 0.6069711538461539 0.2848557692307692 0.01201923076923077 0.02403846153846154
0 0.6189903846153846 0.29927884615384615 0.01201923076923077 0.019230769230769232
0 0.625 0.28725961538461536 0.015625 0.027644230769230768
0 0.6346153846153846 0.3004807692307692 0.01201923076923077 0.02403846153846154
0 0.6466346153846154 0.28846153846153844 0.01201923076923077 0.02403846153846154
0 0.6538461538461539 0.3004807692307692 0.01201923076923077 0.02403846153846154
0 0.6622596153846154 0.28846153846153844 0.01201923076923077 0.02403846153846154
0 0.6694711538461539 0.3004807692307692 0.01201923076923077 0.02403846153846154
0 0.6802884615384616 0.28725961538461536 0.015625 0.027644230769230768
0 0.6875 0.30288461538461536 0.015625 0.019230769230769232
0 0.6971153846153846 0.28725961538461536 0.01201923076923077 0.019230769230769232
0 0.7067307692307693 0.3004807692307692 0.015625 0.02403846153846154
0 0.5348557692307693 0.234375 0.015625 0.02403846153846154
0 0.546875 0.22596153846153846 0.015625 0.02403846153846154
0 0.5528846153846154 0.23798076923076922 0.01201923076923077 0.02403846153846154
0 0.7067307692307693 0.24278846153846154 0.015625 0.02403846153846154
0 0.703125 0.2283653846153846 0.015625 0.019230769230769232
0 0.6838942307692307 0.23076923076923078 0.015625 0.02403846153846154
0 0.6586538461538461 0.24278846153846154 0.01201923076923077 0.02403846153846154
0 0.6490384615384616 0.2283653846153846 0.015625 0.027644230769230768
0 0.6658653846153846 0.2283653846153846 0.01201923076923077 0.027644230769230768
0 0.6286057692307693 0.22596153846153846 0.015625 0.02403846153846154
0 0.6370192307692307 0.2403846153846154 0.015625 0.019230769230769232
0 0.5805288461538461 0.2247596153846154 0.01201923076923077 0.019230769230769232
0 0.5600961538461539 0.22235576923076922 0.01201923076923077 0.02403846153846154
0 0.5685096153846154 0.2403846153846154 0.019230769230769232 0.027644230769230768
0 0.5973557692307693 0.22596153846153846 0.015625 0.02403846153846154
0 0.5865384615384616 0.23677884615384615 0.015625 0.019230769230769232
0 0.6117788461538461 0.22596153846153846 0.01201923076923077 0.02403846153846154
0 0.6177884615384616 0.23798076923076922 0.015625 0.02403846153846154
0 0.53125 0.15865384615384615 0.015625 0.019230769230769232
0 0.5384615384615384 0.17427884615384615 0.015625 0.019230769230769232
0 0.5504807692307693 0.15985576923076922 0.015625 0.02403846153846154
0 0.5588942307692307 0.17427884615384615 0.015625 0.019230769230769232
0 0.5661057692307693 0.16346153846153846 0.015625 0.02403846153846154
0 0.5841346153846154 0.15985576923076922 0.01201923076923077 0.02403846153846154
0 0.5757211538461539 0.171875 0.01201923076923077 0.02403846153846154
0 0.7151442307692307 0.18028846153846154 0.015625 0.02403846153846154
0 0.7091346153846154 0.16826923076923078 0.019230769230769232 0.02403846153846154
0 0.6875 0.16826923076923078 0.015625 0.02403846153846154
0 0.6947115384615384 0.1778846153846154 0.015625 0.027644230769230768
0 0.6694711538461539 0.16826923076923078 0.01201923076923077 0.02403846153846154
0 0.6598557692307693 0.18028846153846154 0.015625 0.02403846153846154
0 0.6538461538461539 0.1658653846153846 0.019230769230769232 0.019230769230769232
0 0.6346153846153846 0.16826923076923078 0.01201923076923077 0.02403846153846154
0 0.5997596153846154 0.16346153846153846 0.01201923076923077 0.02403846153846154
0 0.6069711538461539 0.17427884615384615 0.01201923076923077 0.019230769230769232
0 0.6189903846153846 0.16346153846153846 0.01201923076923077 0.02403846153846154
0 0.6274038461538461 0.17548076923076922 0.01201923076923077 0.02403846153846154
0 0.5432692307692307 0.11177884615384616 0.015625 0.027644230769230768
0 0.5528846153846154 0.09975961538461539 0.01201923076923077 0.027644230769230768
0 0.5625 0.11778846153846154 0.015625 0.03125
0 0.578125 0.11778846153846154 0.015625 0.03125
0 0.5961538461538461 0.11298076923076923 0.01201923076923077 0.02403846153846154
0 0.6057692307692307 0.10096153846153846 0.015625 0.02403846153846154
0 0.6177884615384616 0.11177884615384616 0.015625 0.019230769230769232
0 0.6310096153846154 0.11298076923076923 0.01201923076923077 0.02403846153846154
0 0.6430288461538461 0.09975961538461539 0.01201923076923077 0.019230769230769232
0 0.6490384615384616 0.11778846153846154 0.015625 0.02403846153846154
0 0.6586538461538461 0.10096153846153846 0.01201923076923077 0.02403846153846154
0 0.6658653846153846 0.11899038461538461 0.01201923076923077 0.027644230769230768
0 0.6850961538461539 0.11778846153846154 0.01201923076923077 0.02403846153846154
0 0.6935096153846154 0.10336538461538461 0.01201923076923077 0.019230769230769232
0 0.6754807692307693 0.10336538461538461 0.015625 0.027644230769230768
0 0.7007211538461539 0.11899038461538461 0.01201923076923077 0.027644230769230768
0 0.7163461538461539 0.11899038461538461 0.01201923076923077 0.027644230769230768
0 0.7091346153846154 0.10336538461538461 0.01201923076923077 0.019230769230769232