0 0.65625 0.6899038461538461 0.015625 0.019230769230769232
0 0.6838942307692307 0.6911057692307693 0.015625 0.015625
0 0.6947115384615384 0.7007211538461539 0.015625 0.019230769230769232
0 0.7055288461538461 0.6899038461538461 0.019230769230769232 0.019230769230769232
0 0.7151442307692307 0.703125 0.015625 0.015625
0 0.7247596153846154 0.6911057692307693 0.019230769230769232 0.015625
0 0.734375 0.7055288461538461 0.015625 0.019230769230769232
0 0.7475961538461539 0.6947115384615384 0.01201923076923077 0.015625
0 0.7572115384615384 0.7055288461538461 0.015625 0.01201923076923077
0 0.7692307692307693 0.6935096153846154 0.015625 0.019230769230769232
0 0.7788461538461539 0.7055288461538461 0.019230769230769232 0.01201923076923077
0 0.7908653846153846 0.6911057692307693 0.019230769230769232 0.015625
0 0.8004807692307693 0.7067307692307693 0.015625 0.015625
0 0.8161057692307693 0.6947115384615384 0.015625 0.015625
0 0.8245192307692307 0.7091346153846154 0.015625 0.019230769230769232
0 0.8377403846153846 0.6947115384615384 0.01201923076923077 0.015625
0 0.859375 0.6947115384615384 0.015625 0.015625
0 0.8810096153846154 0.6947115384615384 0.019230769230769232 0.015625
0 0.8497596153846154 0.7091346153846154 0.019230769230769232 0.01201923076923077
0 0.8713942307692307 0.7067307692307693 0.015625 0.015625
0 0.890625 0.7091346153846154 0.02403846153846154 0.01201923076923077