0 0.65625 0.31490384615384615 0.015625 0.019230769230769232
0 0.6838942307692307 0.3161057692307692 0.015625 0.015625
0 0.6947115384615384 0.32572115384615385 0.015625 0.019230769230769232
0 0.7055288461538461 0.31490384615384615 0.019230769230769232 0.019230769230769232
0 0.7151442307692307 0.328125 0.015625 0.015625
0 0.7247596153846154 0.3161057692307692 0.019230769230769232 0.015625
0 0.734375 0.33052884615384615 0.015625 0.019230769230769232
0 0.7475961538461539 0.31971153846153844 0.01201923076923077 0.015625
0 0.7572115384615384 0.33052884615384615 0.015625 0.01201923076923077
0 0.7692307692307693 0.31850961538461536 0.015625 0.019230769230769232
0 0.7788461538461539 0.33052884615384615 0.019230769230769232 0.01201923076923077
0 0.7908653846153846 0.3161057692307692 0.019230769230769232 0.015625
0 0.8004807692307693 0.3317307692307692 0.015625 0.015625
0 0.8161057692307693 0.31971153846153844 0.015625 0.015625
0 0.8245192307692307 0.33413461538461536 0.015625 0.019230769230769232
0 0.8377403846153846 0.31971153846153844 0.01201923076923077 0.015625
0 0.859375 0.31971153846153844 0.015625 0.015625
0 0.8810096153846154 0.31971153846153844 0.019230769230769232 0.015625
0 0.8497596153846154 0.33413461538461536 0.019230769230769232 0.01201923076923077
0 0.8713942307692307 0.3317307692307692 0.015625 0.015625
0 0.890625 0.33413461538461536 0.02403846153846154 0.01201923076923077
0 0.7632211538461539 0.7091346153846154 0.01201923076923077 0.019230769230769232
0 0.7752403846153846 0.7007211538461539 0.01201923076923077 0.019230769230769232
0 0.7872596153846154 0.7067307692307693 0.01201923076923077 0.015625
0 0.7944711538461539 0.6995192307692307 0.01201923076923077 0.015625
0 0.8064903846153846 0.7115384615384616 0.01201923076923077 0.015625
0 0.8161057692307693 0.6971153846153846 0.015625 0.019230769230769232
0 0.8257211538461539 0.7127403846153846 0.01201923076923077 0.019230769230769232
0 0.8377403846153846 0.7007211538461539 0.01201923076923077 0.019230769230769232
0 0.8461538461538461 0.7151442307692307 0.01201923076923077 0.015625
0 0.859375 0.6995192307692307 0.015625 0.02403846153846154
0 0.8882211538461539 0.7151442307692307 0.01201923076923077 0.015625
0 0.7908653846153846 0.6490384615384616 0.019230769230769232 0.02403846153846154
0 0.8161057692307693 0.6502403846153846 0.015625 0.027644230769230768
0 0.8401442307692307 0.6526442307692307 0.015625 0.02403846153846154
0 0.8617788461538461 0.65625 0.019230769230769232 0.02403846153846154
0 0.8846153846153846 0.6538461538461539 0.019230769230769232 0.027644230769230768
0 0.7836538461538461 0.765625 0.019230769230769232 0.03125
0 0.8413461538461539 0.7524038461538461 0.019230769230769232 0.019230769230769232
0 0.8533653846153846 0.7752403846153846 0.019230769230769232 0.019230769230769232
0 0.8245192307692307 0.8197115384615384 0.02403846153846154 0.02403846153846154
0 0.84375 0.8185096153846154 0.015625 0.019230769230769232
0 0.8713942307692307 0.8161057692307693 0.015625 0.02403846153846154
0 0.8942307692307693 0.8064903846153846 0.015625 0.05048076923076923