0 0.7632211538461539 0.33413461538461536 0.01201923076923077 0.019230769230769232
0 0.7752403846153846 0.32572115384615385 0.01201923076923077 0.019230769230769232
0 0.7872596153846154 0.3317307692307692 0.01201923076923077 0.015625
0 0.7944711538461539 0.3245192307692308 0.01201923076923077 0.015625
0 0.8064903846153846 0.33653846153846156 0.01201923076923077 0.015625
0 0.8161057692307693 0.32211538461538464 0.015625 0.019230769230769232
0 0.8257211538461539 0.33774038461538464 0.01201923076923077 0.019230769230769232
0 0.8377403846153846 0.32572115384615385 0.01201923076923077 0.019230769230769232
0 0.8461538461538461 0.3401442307692308 0.01201923076923077 0.015625
0 0.859375 0.3245192307692308 0.015625 0.02403846153846154
0 0.8882211538461539 0.3401442307692308 0.01201923076923077 0.015625
0 0.7908653846153846 0.27403846153846156 0.019230769230769232 0.02403846153846154
0 0.8161057692307693 0.27524038461538464 0.015625 0.027644230769230768
0 0.8401442307692307 0.2776442307692308 0.015625 0.02403846153846154
0 0.8617788461538461 0.28125 0.019230769230769232 0.02403846153846154
0 0.8846153846153846 0.27884615384615385 0.019230769230769232 0.027644230769230768
0 0.7836538461538461 0.390625 0.019230769230769232 0.03125
0 0.8413461538461539 0.37740384615384615 0.019230769230769232 0.019230769230769232
0 0.8533653846153846 0.40024038461538464 0.019230769230769232 0.019230769230769232
0 0.8245192307692307 0.44471153846153844 0.02403846153846154 0.02403846153846154
0 0.84375 0.44350961538461536 0.015625 0.019230769230769232
0 0.8713942307692307 0.4411057692307692 0.015625 0.02403846153846154
0 0.8942307692307693 0.43149038461538464 0.015625 0.05048076923076923