0 0.13221153846153846 0.5180288461538461 0.038461538461538464 0.04326923076923077
0 0.1622596153846154 0.49278846153846156 0.03485576923076923 0.046875
0 0.1875 0.5216346153846154 0.03125 0.04326923076923077
0 0.22115384615384615 0.49038461538461536 0.027644230769230768 0.04326923076923077
0 0.24639423076923078 0.5240384615384616 0.038461538461538464 0.038461538461538464
0 0.28365384615384615 0.49759615384615385 0.027644230769230768 0.04326923076923077
0 0.30649038461538464 0.53125 0.03485576923076923 0.038461538461538464
0 0.33774038461538464 0.5 0.027644230769230768 0.046875
0 0.36778846153846156 0.5288461538461539 0.03125 0.04326923076923077
0 0.11538461538461539 0.625 0.027644230769230768 0.038461538461538464
0 0.14423076923076922 0.6538461538461539 0.03125 0.04326923076923077
0 0.17427884615384615 0.625 0.03485576923076923 0.038461538461538464
0 0.20072115384615385 0.6526442307692307 0.027644230769230768 0.046875
0 0.25721153846153844 0.6634615384615384 0.03125 0.038461538461538464
0 0.296875 0.6346153846153846 0.03125 0.04326923076923077
0 0.31971153846153844 0.6682692307692307 0.02403846153846154 0.038461538461538464
0 0.35096153846153844 0.6382211538461539 0.03125 0.04326923076923077
0 0.40625 0.6370192307692307 0.03125 0.03125
0 0.38221153846153844 0.6658653846153846 0.03125 0.04326923076923077
0 0.10697115384615384 0.7932692307692307 0.027644230769230768 0.038461538461538464
0 0.15985576923076922 0.7992788461538461 0.02403846153846154 0.04326923076923077
0 0.21875 0.8004807692307693 0.038461538461538464 0.038461538461538464
0 0.27884615384615385 0.8028846153846154 0.04326923076923077 0.03485576923076923
0 0.10336538461538461 0.9338942307692307 0.03485576923076923 0.038461538461538464
0 0.13221153846153846 0.8990384615384616 0.038461538461538464 0.03125
0 0.15985576923076922 0.9375 0.03125 0.038461538461538464
0 0.18990384615384615 0.9002403846153846 0.03485576923076923 0.03485576923076923
0 0.21514423076923078 0.9411057692307693 0.03125 0.038461538461538464
0 0.24759615384615385 0.9086538461538461 0.03485576923076923 0.04326923076923077
0 0.27524038461538464 0.9495192307692307 0.03485576923076923 0.038461538461538464
0 0.31009615384615385 0.9098557692307693 0.027644230769230768 0.046875
0 0.3401442307692308 0.9411057692307693 0.03125 0.038461538461538464
0 0.36899038461538464 0.9182692307692307 0.03485576923076923 0.046875
0 0.390625 0.9495192307692307 0.02403846153846154 0.03125
0 0.5817307692307693 0.7367788461538461 0.038461538461538464 0.03485576923076923
0 0.6153846153846154 0.7752403846153846 0.03485576923076923 0.04326923076923077
0 0.6442307692307693 0.7463942307692307 0.03125 0.046875
0 0.671875 0.7788461538461539 0.03125 0.04326923076923077
0 0.7572115384615384 0.7403846153846154 0.03125 0.04326923076923077
0 0.8149038461538461 0.7536057692307693 0.03485576923076923 0.038461538461538464
0 0.5504807692307693 0.9002403846153846 0.02403846153846154 0.03485576923076923
0 0.6057692307692307 0.9086538461538461 0.03125 0.03485576923076923
0 0.6346153846153846 0.8713942307692307 0.027644230769230768 0.03125
0 0.6658653846153846 0.9122596153846154 0.027644230769230768 0.03485576923076923
0 0.6971153846153846 0.8822115384615384 0.027644230769230768 0.038461538461538464
0 0.7259615384615384 0.9134615384615384 0.038461538461538464 0.038461538461538464
0 0.7872596153846154 0.9254807692307693 0.03485576923076923 0.055288461538461536
0 0.8125 0.8870192307692307 0.03125 0.046875
0 0.8413461538461539 0.9254807692307693 0.03485576923076923 0.046875