0 0.13221153846153846 0.14302884615384615 0.038461538461538464 0.04326923076923077
0 0.1622596153846154 0.11778846153846154 0.03485576923076923 0.046875
0 0.1875 0.1466346153846154 0.03125 0.04326923076923077
0 0.22115384615384615 0.11538461538461539 0.027644230769230768 0.04326923076923077
0 0.24639423076923078 0.14903846153846154 0.038461538461538464 0.038461538461538464
0 0.28365384615384615 0.12259615384615384 0.027644230769230768 0.04326923076923077
0 0.30649038461538464 0.15625 0.03485576923076923 0.038461538461538464
0 0.33774038461538464 0.125 0.027644230769230768 0.046875
0 0.36778846153846156 0.15384615384615385 0.03125 0.04326923076923077
0 0.11538461538461539 0.25 0.027644230769230768 0.038461538461538464
0 0.14423076923076922 0.27884615384615385 0.03125 0.04326923076923077
0 0.17427884615384615 0.25 0.03485576923076923 0.038461538461538464
0 0.20072115384615385 0.2776442307692308 0.027644230769230768 0.046875
0 0.25721153846153844 0.28846153846153844 0.03125 0.038461538461538464
0 0.296875 0.25961538461538464 0.03125 0.04326923076923077
0 0.31971153846153844 0.2932692307692308 0.02403846153846154 0.038461538461538464
0 0.35096153846153844 0.26322115384615385 0.03125 0.04326923076923077
0 0.40625 0.2620192307692308 0.03125 0.03125
0 0.38221153846153844 0.29086538461538464 0.03125 0.04326923076923077
0 0.10697115384615384 0.4182692307692308 0.027644230769230768 0.038461538461538464
0 0.15985576923076922 0.42427884615384615 0.02403846153846154 0.04326923076923077
0 0.21875 0.4254807692307692 0.038461538461538464 0.038461538461538464
0 0.27884615384615385 0.42788461538461536 0.04326923076923077 0.03485576923076923
0 0.10336538461538461 0.5588942307692307 0.03485576923076923 0.038461538461538464
0 0.13221153846153846 0.5240384615384616 0.038461538461538464 0.03125
0 0.15985576923076922 0.5625 0.03125 0.038461538461538464
0 0.18990384615384615 0.5252403846153846 0.03485576923076923 0.03485576923076923
0 0.21514423076923078 0.5661057692307693 0.03125 0.038461538461538464
0 0.24759615384615385 0.5336538461538461 0.03485576923076923 0.04326923076923077
0 0.27524038461538464 0.5745192307692307 0.03485576923076923 0.038461538461538464
0 0.31009615384615385 0.5348557692307693 0.027644230769230768 0.046875
0 0.3401442307692308 0.5661057692307693 0.03125 0.038461538461538464
0 0.36899038461538464 0.5432692307692307 0.03485576923076923 0.046875
0 0.390625 0.5745192307692307 0.02403846153846154 0.03125
0 0.09014423076923077 0.6754807692307693 0.02403846153846154 0.03125
0 0.1466346153846154 0.6802884615384616 0.027644230769230768 0.038461538461538464
0 0.21153846153846154 0.6875 0.02403846153846154 0.038461538461538464
0 0.27163461538461536 0.6911057692307693 0.027644230769230768 0.046875
0 0.3245192307692308 0.6911057692307693 0.03125 0.046875
0 0.375 0.6899038461538461 0.038461538461538464 0.03485576923076923
0 0.5817307692307693 0.36177884615384615 0.038461538461538464 0.03485576923076923
0 0.6153846153846154 0.40024038461538464 0.03485576923076923 0.04326923076923077
0 0.6442307692307693 0.3713942307692308 0.03125 0.046875
0 0.671875 0.40384615384615385 0.03125 0.04326923076923077
0 0.7572115384615384 0.36538461538461536 0.03125 0.04326923076923077
0 0.8149038461538461 0.3786057692307692 0.03485576923076923 0.038461538461538464
0 0.5504807692307693 0.5252403846153846 0.02403846153846154 0.03485576923076923
0 0.6057692307692307 0.5336538461538461 0.03125 0.03485576923076923
0 0.6346153846153846 0.4963942307692308 0.027644230769230768 0.03125
0 0.6658653846153846 0.5372596153846154 0.027644230769230768 0.03485576923076923
0 0.6971153846153846 0.5072115384615384 0.027644230769230768 0.038461538461538464
0 0.7259615384615384 0.5384615384615384 0.038461538461538464 0.038461538461538464
0 0.7872596153846154 0.5504807692307693 0.03485576923076923 0.055288461538461536
0 0.8125 0.5120192307692307 0.03125 0.046875
0 0.8413461538461539 0.5504807692307693 0.03485576923076923 0.046875
0 0.5408653846153846 0.6754807692307693 0.03485576923076923 0.046875
0 0.5745192307692307 0.6370192307692307 0.03125 0.038461538461538464
0 0.6009615384615384 0.671875 0.03125 0.038461538461538464
0 0.6322115384615384 0.6382211538461539 0.03125 0.03485576923076923
0 0.6586538461538461 0.6778846153846154 0.03485576923076923 0.04326923076923077
0 0.6911057692307693 0.6430288461538461 0.03125 0.03485576923076923
0 0.71875 0.6814903846153846 0.03125 0.03485576923076923
0 0.7524038461538461 0.6502403846153846 0.03485576923076923 0.04326923076923077
0 0.7716346153846154 0.6838942307692307 0.027644230769230768 0.038461538461538464
0 0.8064903846153846 0.65625 0.027644230769230768 0.038461538461538464
0 0.8365384615384616 0.6935096153846154 0.038461538461538464 0.05048076923076923
0 0.53125 0.8088942307692307 0.03125 0.038461538461538464
0 0.5625 0.7776442307692307 0.03125 0.038461538461538464
0 0.5913461538461539 0.8149038461538461 0.03485576923076923 0.04326923076923077
0 0.6213942307692307 0.7776442307692307 0.03125 0.03125
0 0.6490384615384616 0.8161057692307693 0.038461538461538464 0.03125
0 0.6814903846153846 0.7836538461538461 0.027644230769230768 0.03485576923076923
0 0.7067307692307693 0.8197115384615384 0.03125 0.038461538461538464
0 0.7367788461538461 0.7872596153846154 0.03485576923076923 0.03485576923076923
0 0.7692307692307693 0.828125 0.038461538461538464 0.046875
0 0.8004807692307693 0.796875 0.038461538461538464 0.046875
0 0.828125 0.8245192307692307 0.038461538461538464 0.055288461538461536
0 0.4879807692307692 0.984375 0.03125 0.02403846153846154
0 0.5192307692307693 0.9627403846153846 0.03125 0.04326923076923077
0 0.5805288461538461 0.9627403846153846 0.027644230769230768 0.04326923076923077
0 0.6069711538461539 0.9867788461538461 0.027644230769230768 0.019230769230769232
0 0.6382211538461539 0.9651442307692307 0.027644230769230768 0.03125
0 0.6682692307692307 0.9867788461538461 0.02403846153846154 0.019230769230769232
0 0.6947115384615384 0.9663461538461539 0.03125 0.03485576923076923
0 0.7572115384615384 0.9723557692307693 0.02403846153846154 0.038461538461538464
0 0.8149038461538461 0.9759615384615384 0.027644230769230768 0.038461538461538464