0 0.10697115384615384 0.04326923076923077 0.027644230769230768 0.038461538461538464
0 0.15985576923076922 0.04927884615384615 0.02403846153846154 0.04326923076923077
0 0.21875 0.05048076923076923 0.038461538461538464 0.038461538461538464
0 0.27884615384615385 0.052884615384615384 0.04326923076923077 0.03485576923076923
0 0.10336538461538461 0.18389423076923078 0.03485576923076923 0.038461538461538464
0 0.13221153846153846 0.14903846153846154 0.038461538461538464 0.03125
0 0.15985576923076922 0.1875 0.03125 0.038461538461538464
0 0.18990384615384615 0.1502403846153846 0.03485576923076923 0.03485576923076923
0 0.21514423076923078 0.19110576923076922 0.03125 0.038461538461538464
0 0.24759615384615385 0.15865384615384615 0.03485576923076923 0.04326923076923077
0 0.27524038461538464 0.19951923076923078 0.03485576923076923 0.038461538461538464
0 0.31009615384615385 0.15985576923076922 0.027644230769230768 0.046875
0 0.3401442307692308 0.19110576923076922 0.03125 0.038461538461538464
0 0.36899038461538464 0.16826923076923078 0.03485576923076923 0.046875
0 0.390625 0.19951923076923078 0.02403846153846154 0.03125
0 0.09014423076923077 0.3004807692307692 0.02403846153846154 0.03125
0 0.1466346153846154 0.30528846153846156 0.027644230769230768 0.038461538461538464
0 0.21153846153846154 0.3125 0.02403846153846154 0.038461538461538464
0 0.27163461538461536 0.3161057692307692 0.027644230769230768 0.046875
0 0.3245192307692308 0.3161057692307692 0.03125 0.046875
0 0.375 0.31490384615384615 0.038461538461538464 0.03485576923076923
0 0.6153846153846154 0.025240384615384616 0.03485576923076923 0.04326923076923077
0 0.671875 0.028846153846153848 0.03125 0.04326923076923077
0 0.8149038461538461 0.01201923076923077 0.03485576923076923 0.02403846153846154
0 0.5504807692307693 0.1502403846153846 0.02403846153846154 0.03485576923076923
0 0.6057692307692307 0.15865384615384615 0.03125 0.03485576923076923
0 0.6346153846153846 0.12139423076923077 0.027644230769230768 0.03125
0 0.6658653846153846 0.1622596153846154 0.027644230769230768 0.03485576923076923
0 0.6971153846153846 0.13221153846153846 0.027644230769230768 0.038461538461538464
0 0.7259615384615384 0.16346153846153846 0.038461538461538464 0.038461538461538464
0 0.7872596153846154 0.17548076923076922 0.03485576923076923 0.055288461538461536
0 0.8125 0.13701923076923078 0.03125 0.046875
0 0.8413461538461539 0.17548076923076922 0.03485576923076923 0.046875
0 0.5408653846153846 0.3004807692307692 0.03485576923076923 0.046875
0 0.5745192307692307 0.2620192307692308 0.03125 0.038461538461538464
0 0.6009615384615384 0.296875 0.03125 0.038461538461538464
0 0.6322115384615384 0.26322115384615385 0.03125 0.03485576923076923
0 0.6586538461538461 0.30288461538461536 0.03485576923076923 0.04326923076923077
0 0.6911057692307693 0.26802884615384615 0.03125 0.03485576923076923
0 0.71875 0.30649038461538464 0.03125 0.03485576923076923
0 0.7524038461538461 0.27524038461538464 0.03485576923076923 0.04326923076923077
0 0.7716346153846154 0.3088942307692308 0.027644230769230768 0.038461538461538464
0 0.8064903846153846 0.28125 0.027644230769230768 0.038461538461538464
0 0.8365384615384616 0.31850961538461536 0.038461538461538464 0.05048076923076923
0 0.53125 0.4338942307692308 0.03125 0.038461538461538464
0 0.5625 0.4026442307692308 0.03125 0.038461538461538464
0 0.5913461538461539 0.43990384615384615 0.03485576923076923 0.04326923076923077
0 0.6213942307692307 0.4026442307692308 0.03125 0.03125
0 0.6490384615384616 0.4411057692307692 0.038461538461538464 0.03125
0 0.6814903846153846 0.40865384615384615 0.027644230769230768 0.03485576923076923
0 0.7067307692307693 0.44471153846153844 0.03125 0.038461538461538464
0 0.7367788461538461 0.41225961538461536 0.03485576923076923 0.03485576923076923
0 0.7692307692307693 0.453125 0.038461538461538464 0.046875
0 0.8004807692307693 0.421875 0.038461538461538464 0.046875
0 0.828125 0.4495192307692308 0.038461538461538464 0.055288461538461536
0 0.4879807692307692 0.6153846153846154 0.03125 0.03485576923076923
0 0.5192307692307693 0.5877403846153846 0.03125 0.04326923076923077
0 0.5492788461538461 0.625 0.027644230769230768 0.038461538461538464
0 0.5805288461538461 0.5877403846153846 0.027644230769230768 0.04326923076923077
0 0.6069711538461539 0.6225961538461539 0.027644230769230768 0.04326923076923077
0 0.6382211538461539 0.5901442307692307 0.027644230769230768 0.03125
0 0.6682692307692307 0.625 0.02403846153846154 0.046875
0 0.6947115384615384 0.5913461538461539 0.03125 0.03485576923076923
0 0.7259615384615384 0.6322115384615384 0.02403846153846154 0.038461538461538464
0 0.7572115384615384 0.5973557692307693 0.02403846153846154 0.038461538461538464
0 0.7884615384615384 0.6322115384615384 0.03125 0.038461538461538464
0 0.8149038461538461 0.6033653846153846 0.027644230769230768 0.04326923076923077
0 0.48197115384615385 0.7884615384615384 0.027644230769230768 0.038461538461538464
0 0.5132211538461539 0.7596153846153846 0.027644230769230768 0.04326923076923077
0 0.5432692307692307 0.7908653846153846 0.03125 0.03485576923076923
0 0.5685096153846154 0.7560096153846154 0.03485576923076923 0.03485576923076923
0 0.5973557692307693 0.7932692307692307 0.038461538461538464 0.046875
0 0.6322115384615384 0.7632211538461539 0.03125 0.04326923076923077
0 0.6586538461538461 0.7992788461538461 0.03485576923076923 0.05048076923076923
0 0.6911057692307693 0.7680288461538461 0.03125 0.04326923076923077
0 0.7163461538461539 0.8004807692307693 0.03485576923076923 0.046875
0 0.75 0.7680288461538461 0.03125 0.04326923076923077
0 0.7752403846153846 0.8064903846153846 0.03485576923076923 0.03485576923076923
0 0.4723557692307692 0.9314903846153846 0.03125 0.04326923076923077
0 0.5036057692307693 0.8942307692307693 0.038461538461538464 0.038461538461538464
0 0.53125 0.9278846153846154 0.046875 0.03485576923076923
0 0.5625 0.9002403846153846 0.03125 0.03485576923076923
0 0.5901442307692307 0.9314903846153846 0.03125 0.03485576923076923
0 0.6213942307692307 0.9026442307692307 0.03125 0.03125
0 0.6430288461538461 0.9399038461538461 0.03485576923076923 0.04326923076923077
0 0.6778846153846154 0.9026442307692307 0.03485576923076923 0.046875
0 0.703125 0.9375 0.038461538461538464 0.038461538461538464
0 0.7367788461538461 0.90625 0.03485576923076923 0.038461538461538464
0 0.7596153846153846 0.9447115384615384 0.04326923076923077 0.038461538461538464
0 0.7932692307692307 0.9098557692307693 0.038461538461538464 0.046875