0 0.53125 0.05889423076923077 0.03125 0.038461538461538464
0 0.5625 0.027644230769230768 0.03125 0.038461538461538464
0 0.5913461538461539 0.06490384615384616 0.03485576923076923 0.04326923076923077
0 0.6213942307692307 0.027644230769230768 0.03125 0.03125
0 0.6490384615384616 0.06610576923076923 0.038461538461538464 0.03125
0 0.6814903846153846 0.03365384615384615 0.027644230769230768 0.03485576923076923
0 0.7067307692307693 0.06971153846153846 0.03125 0.038461538461538464
0 0.7367788461538461 0.037259615384615384 0.03485576923076923 0.03485576923076923
0 0.7692307692307693 0.078125 0.038461538461538464 0.046875
0 0.8004807692307693 0.046875 0.038461538461538464 0.046875
0 0.828125 0.07451923076923077 0.038461538461538464 0.055288461538461536
0 0.4879807692307692 0.2403846153846154 0.03125 0.03485576923076923
0 0.5192307692307693 0.2127403846153846 0.03125 0.04326923076923077
0 0.5492788461538461 0.25 0.027644230769230768 0.038461538461538464
0 0.5805288461538461 0.2127403846153846 0.027644230769230768 0.04326923076923077
0 0.6069711538461539 0.24759615384615385 0.027644230769230768 0.04326923076923077
0 0.6382211538461539 0.21514423076923078 0.027644230769230768 0.03125
0 0.6682692307692307 0.25 0.02403846153846154 0.046875
0 0.6947115384615384 0.21634615384615385 0.03125 0.03485576923076923
0 0.7259615384615384 0.25721153846153844 0.02403846153846154 0.038461538461538464
0 0.7572115384615384 0.22235576923076922 0.02403846153846154 0.038461538461538464
0 0.7884615384615384 0.25721153846153844 0.03125 0.038461538461538464
0 0.8149038461538461 0.2283653846153846 0.027644230769230768 0.04326923076923077
0 0.48197115384615385 0.41346153846153844 0.027644230769230768 0.038461538461538464
0 0.5132211538461539 0.38461538461538464 0.027644230769230768 0.04326923076923077
0 0.5432692307692307 0.41586538461538464 0.03125 0.03485576923076923
0 0.5685096153846154 0.38100961538461536 0.03485576923076923 0.03485576923076923
0 0.5973557692307693 0.4182692307692308 0.038461538461538464 0.046875
0 0.6322115384615384 0.38822115384615385 0.03125 0.04326923076923077
0 0.6586538461538461 0.42427884615384615 0.03485576923076923 0.05048076923076923
0 0.6911057692307693 0.39302884615384615 0.03125 0.04326923076923077
0 0.7163461538461539 0.4254807692307692 0.03485576923076923 0.046875
0 0.75 0.39302884615384615 0.03125 0.04326923076923077
0 0.7752403846153846 0.43149038461538464 0.03485576923076923 0.03485576923076923
0 0.4723557692307692 0.5564903846153846 0.03125 0.04326923076923077
0 0.5036057692307693 0.5192307692307693 0.038461538461538464 0.038461538461538464
0 0.53125 0.5528846153846154 0.046875 0.03485576923076923
0 0.5625 0.5252403846153846 0.03125 0.03485576923076923
0 0.5901442307692307 0.5564903846153846 0.03125 0.03485576923076923
0 0.6213942307692307 0.5276442307692307 0.03125 0.03125
0 0.6430288461538461 0.5649038461538461 0.03485576923076923 0.04326923076923077
0 0.6778846153846154 0.5276442307692307 0.03485576923076923 0.046875
0 0.703125 0.5625 0.038461538461538464 0.038461538461538464
0 0.7367788461538461 0.53125 0.03485576923076923 0.038461538461538464
0 0.7596153846153846 0.5697115384615384 0.04326923076923077 0.038461538461538464
0 0.7932692307692307 0.5348557692307693 0.038461538461538464 0.046875
0 0.46875 0.6838942307692307 0.038461538461538464 0.03125
0 0.49759615384615385 0.6538461538461539 0.04326923076923077 0.03485576923076923
0 0.5288461538461539 0.6899038461538461 0.03485576923076923 0.03485576923076923
0 0.5528846153846154 0.65625 0.03485576923076923 0.038461538461538464
0 0.5817307692307693 0.703125 0.038461538461538464 0.046875
0 0.6129807692307693 0.6658653846153846 0.038461538461538464 0.04326923076923077
0 0.6490384615384616 0.7007211538461539 0.038461538461538464 0.04326923076923077
0 0.671875 0.6682692307692307 0.038461538461538464 0.046875
0 0.703125 0.7067307692307693 0.046875 0.046875
0 0.7259615384615384 0.6682692307692307 0.038461538461538464 0.046875
0 0.7596153846153846 0.7055288461538461 0.04326923076923077 0.03485576923076923
0 0.7872596153846154 0.6634615384615384 0.04326923076923077 0.038461538461538464
0 0.46153846153846156 0.828125 0.03125 0.038461538461538464
0 0.49399038461538464 0.7932692307692307 0.027644230769230768 0.038461538461538464
0 0.5216346153846154 0.8305288461538461 0.027644230769230768 0.04326923076923077
0 0.5528846153846154 0.7932692307692307 0.027644230769230768 0.038461538461538464
0 0.5805288461538461 0.8317307692307693 0.027644230769230768 0.038461538461538464
0 0.609375 0.7992788461538461 0.03125 0.03485576923076923
0 0.6370192307692307 0.8365384615384616 0.03125 0.038461538461538464
0 0.6694711538461539 0.7992788461538461 0.027644230769230768 0.04326923076923077
0 0.71875 0.8052884615384616 0.046875 0.038461538461538464
0 0.6935096153846154 0.8401442307692307 0.03485576923076923 0.038461538461538464
0 0.75 0.8461538461538461 0.03125 0.04326923076923077
0 0.7836538461538461 0.8100961538461539 0.04326923076923077 0.03485576923076923
0 0.453125 0.9615384615384616 0.03125 0.038461538461538464
0 0.484375 0.9399038461538461 0.03125 0.05048076923076923
0 0.5384615384615384 0.9314903846153846 0.038461538461538464 0.04326923076923077
0 0.5132211538461539 0.9663461538461539 0.027644230769230768 0.03485576923076923
0 0.5721153846153846 0.9663461538461539 0.027644230769230768 0.03485576923076923
0 0.5997596153846154 0.9375 0.027644230769230768 0.038461538461538464
0 0.6274038461538461 0.9663461538461539 0.03485576923076923 0.04326923076923077
0 0.6598557692307693 0.9435096153846154 0.03125 0.04326923076923077
0 0.6899038461538461 0.9747596153846154 0.027644230769230768 0.04326923076923077
0 0.15985576923076922 0.984375 0.015625 0.02403846153846154
0 0.171875 0.9759615384615384 0.015625 0.02403846153846154
0 0.3317307692307692 0.9879807692307693 0.015625 0.015625
0 0.328125 0.9783653846153846 0.015625 0.019230769230769232
0 0.3088942307692308 0.9807692307692307 0.015625 0.02403846153846154
0 0.28365384615384615 0.9879807692307693 0.01201923076923077 0.015625
0 0.27403846153846156 0.9783653846153846 0.015625 0.027644230769230768
0 0.29086538461538464 0.9783653846153846 0.01201923076923077 0.027644230769230768
0 0.2536057692307692 0.9759615384615384 0.015625 0.02403846153846154
0 0.20552884615384615 0.9747596153846154 0.01201923076923077 0.019230769230769232
0 0.18509615384615385 0.9723557692307693 0.01201923076923077 0.02403846153846154
0 0.22235576923076922 0.9759615384615384 0.015625 0.02403846153846154
0 0.23677884615384615 0.9759615384615384 0.01201923076923077 0.02403846153846154
0 0.15625 0.9086538461538461 0.015625 0.019230769230769232
0 0.16346153846153846 0.9242788461538461 0.015625 0.019230769230769232
0 0.17548076923076922 0.9098557692307693 0.015625 0.02403846153846154
0 0.18389423076923078 0.9242788461538461 0.015625 0.019230769230769232
0 0.19110576923076922 0.9134615384615384 0.015625 0.02403846153846154
0 0.2091346153846154 0.9098557692307693 0.01201923076923077 0.02403846153846154
0 0.20072115384615385 0.921875 0.01201923076923077 0.02403846153846154
0 0.3401442307692308 0.9302884615384616 0.015625 0.02403846153846154
0 0.33413461538461536 0.9182692307692307 0.019230769230769232 0.02403846153846154
0 0.3125 0.9182692307692307 0.015625 0.02403846153846154
0 0.31971153846153844 0.9278846153846154 0.015625 0.027644230769230768
0 0.29447115384615385 0.9182692307692307 0.01201923076923077 0.02403846153846154
0 0.2848557692307692 0.9302884615384616 0.015625 0.02403846153846154
0 0.27884615384615385 0.9158653846153846 0.019230769230769232 0.019230769230769232
0 0.25961538461538464 0.9182692307692307 0.01201923076923077 0.02403846153846154
0 0.2247596153846154 0.9134615384615384 0.01201923076923077 0.02403846153846154
0 0.23197115384615385 0.9242788461538461 0.01201923076923077 0.019230769230769232
0 0.2439903846153846 0.9134615384615384 0.01201923076923077 0.02403846153846154
0 0.25240384615384615 0.9254807692307693 0.01201923076923077 0.02403846153846154
0 0.16826923076923078 0.8617788461538461 0.015625 0.027644230769230768
0 0.1778846153846154 0.8497596153846154 0.01201923076923077 0.027644230769230768
0 0.1875 0.8677884615384616 0.015625 0.03125
0 0.203125 0.8677884615384616 0.015625 0.03125
0 0.22115384615384615 0.8629807692307693 0.01201923076923077 0.02403846153846154
0 0.23076923076923078 0.8509615384615384 0.015625 0.02403846153846154
0 0.24278846153846154 0.8617788461538461 0.015625 0.019230769230769232
0 0.25600961538461536 0.8629807692307693 0.01201923076923077 0.02403846153846154
0 0.26802884615384615 0.8497596153846154 0.01201923076923077 0.019230769230769232
0 0.27403846153846156 0.8677884615384616 0.015625 0.02403846153846154
0 0.28365384615384615 0.8509615384615384 0.01201923076923077 0.02403846153846154
0 0.29086538461538464 0.8689903846153846 0.01201923076923077 0.027644230769230768
0 0.31009615384615385 0.8677884615384616 0.01201923076923077 0.02403846153846154
0 0.31850961538461536 0.8533653846153846 0.01201923076923077 0.019230769230769232
0 0.3004807692307692 0.8533653846153846 0.015625 0.027644230769230768
0 0.32572115384615385 0.8689903846153846 0.01201923076923077 0.027644230769230768
0 0.34134615384615385 0.8689903846153846 0.01201923076923077 0.027644230769230768