0 0.48197115384615385 0.038461538461538464 0.027644230769230768 0.038461538461538464
0 0.5132211538461539 0.015625 0.027644230769230768 0.03125
0 0.5432692307692307 0.040865384615384616 0.03125 0.03485576923076923
0 0.5685096153846154 0.01201923076923077 0.03485576923076923 0.02403846153846154
0 0.5973557692307693 0.04326923076923077 0.038461538461538464 0.046875
0 0.6322115384615384 0.018028846153846152 0.03125 0.03485576923076923
0 0.6586538461538461 0.04927884615384615 0.03485576923076923 0.05048076923076923
0 0.6911057692307693 0.019230769230769232 0.03125 0.038461538461538464
0 0.7163461538461539 0.05048076923076923 0.03485576923076923 0.046875
0 0.75 0.019230769230769232 0.03125 0.038461538461538464
0 0.7752403846153846 0.056490384615384616 0.03485576923076923 0.03485576923076923
0 0.4723557692307692 0.1814903846153846 0.03125 0.04326923076923077
0 0.5036057692307693 0.14423076923076922 0.038461538461538464 0.038461538461538464
0 0.53125 0.1778846153846154 0.046875 0.03485576923076923
0 0.5625 0.1502403846153846 0.03125 0.03485576923076923
0 0.5901442307692307 0.1814903846153846 0.03125 0.03485576923076923
0 0.6213942307692307 0.15264423076923078 0.03125 0.03125
0 0.6430288461538461 0.18990384615384615 0.03485576923076923 0.04326923076923077
0 0.6778846153846154 0.15264423076923078 0.03485576923076923 0.046875
0 0.703125 0.1875 0.038461538461538464 0.038461538461538464
0 0.7367788461538461 0.15625 0.03485576923076923 0.038461538461538464
0 0.7596153846153846 0.19471153846153846 0.04326923076923077 0.038461538461538464
0 0.7932692307692307 0.15985576923076922 0.038461538461538464 0.046875
0 0.46875 0.3088942307692308 0.038461538461538464 0.03125
0 0.49759615384615385 0.27884615384615385 0.04326923076923077 0.03485576923076923
0 0.5288461538461539 0.31490384615384615 0.03485576923076923 0.03485576923076923
0 0.5528846153846154 0.28125 0.03485576923076923 0.038461538461538464
0 0.5817307692307693 0.328125 0.038461538461538464 0.046875
0 0.6129807692307693 0.29086538461538464 0.038461538461538464 0.04326923076923077
0 0.6490384615384616 0.32572115384615385 0.038461538461538464 0.04326923076923077
0 0.671875 0.2932692307692308 0.038461538461538464 0.046875
0 0.703125 0.3317307692307692 0.046875 0.046875
0 0.7259615384615384 0.2932692307692308 0.038461538461538464 0.046875
0 0.7596153846153846 0.33052884615384615 0.04326923076923077 0.03485576923076923
0 0.7872596153846154 0.28846153846153844 0.04326923076923077 0.038461538461538464
0 0.46153846153846156 0.453125 0.03125 0.038461538461538464
0 0.49399038461538464 0.4182692307692308 0.027644230769230768 0.038461538461538464
0 0.5216346153846154 0.45552884615384615 0.027644230769230768 0.04326923076923077
0 0.5528846153846154 0.4182692307692308 0.027644230769230768 0.038461538461538464
0 0.5805288461538461 0.4567307692307692 0.027644230769230768 0.038461538461538464
0 0.609375 0.42427884615384615 0.03125 0.03485576923076923
0 0.6370192307692307 0.46153846153846156 0.03125 0.038461538461538464
0 0.6694711538461539 0.42427884615384615 0.027644230769230768 0.04326923076923077
0 0.71875 0.43028846153846156 0.046875 0.038461538461538464
0 0.6935096153846154 0.4651442307692308 0.03485576923076923 0.038461538461538464
0 0.75 0.47115384615384615 0.03125 0.04326923076923077
0 0.7836538461538461 0.43509615384615385 0.04326923076923077 0.03485576923076923
0 0.453125 0.5865384615384616 0.03125 0.038461538461538464
0 0.484375 0.5649038461538461 0.03125 0.05048076923076923
0 0.5384615384615384 0.5564903846153846 0.038461538461538464 0.04326923076923077
0 0.5132211538461539 0.5913461538461539 0.027644230769230768 0.03485576923076923
0 0.5721153846153846 0.5913461538461539 0.027644230769230768 0.03485576923076923
0 0.5997596153846154 0.5625 0.027644230769230768 0.038461538461538464
0 0.6274038461538461 0.5913461538461539 0.03485576923076923 0.04326923076923077
0 0.6598557692307693 0.5685096153846154 0.03125 0.04326923076923077
0 0.6899038461538461 0.5997596153846154 0.027644230769230768 0.04326923076923077
0 0.1466346153846154 0.6586538461538461 0.01201923076923077 0.019230769230769232
0 0.15865384615384615 0.671875 0.01201923076923077 0.02403846153846154
0 0.16826923076923078 0.6598557692307693 0.015625 0.02403846153846154
0 0.17427884615384615 0.671875 0.01201923076923077 0.02403846153846154
0 0.1971153846153846 0.6598557692307693 0.01201923076923077 0.02403846153846154
0 0.20552884615384615 0.671875 0.01201923076923077 0.02403846153846154
0 0.2127403846153846 0.6586538461538461 0.01201923076923077 0.027644230769230768
0 0.2247596153846154 0.6742788461538461 0.01201923076923077 0.027644230769230768
0 0.23197115384615385 0.6598557692307693 0.01201923076923077 0.02403846153846154
0 0.2439903846153846 0.6742788461538461 0.01201923076923077 0.019230769230769232
0 0.25 0.6622596153846154 0.015625 0.027644230769230768
0 0.25961538461538464 0.6754807692307693 0.01201923076923077 0.02403846153846154
0 0.27163461538461536 0.6634615384615384 0.01201923076923077 0.02403846153846154
0 0.27884615384615385 0.6754807692307693 0.01201923076923077 0.02403846153846154
0 0.28725961538461536 0.6634615384615384 0.01201923076923077 0.02403846153846154
0 0.29447115384615385 0.6754807692307693 0.01201923076923077 0.02403846153846154
0 0.30528846153846156 0.6622596153846154 0.015625 0.027644230769230768
0 0.3125 0.6778846153846154 0.015625 0.019230769230769232
0 0.32211538461538464 0.6622596153846154 0.01201923076923077 0.019230769230769232
0 0.3317307692307692 0.6754807692307693 0.015625 0.02403846153846154
0 0.15985576923076922 0.609375 0.015625 0.02403846153846154
0 0.171875 0.6009615384615384 0.015625 0.02403846153846154
0 0.1778846153846154 0.6129807692307693 0.01201923076923077 0.02403846153846154
0 0.3317307692307692 0.6177884615384616 0.015625 0.02403846153846154
0 0.328125 0.6033653846153846 0.015625 0.019230769230769232
0 0.3088942307692308 0.6057692307692307 0.015625 0.02403846153846154
0 0.28365384615384615 0.6177884615384616 0.01201923076923077 0.02403846153846154
0 0.27403846153846156 0.6033653846153846 0.015625 0.027644230769230768
0 0.29086538461538464 0.6033653846153846 0.01201923076923077 0.027644230769230768
0 0.2536057692307692 0.6009615384615384 0.015625 0.02403846153846154
0 0.2620192307692308 0.6153846153846154 0.015625 0.019230769230769232
0 0.20552884615384615 0.5997596153846154 0.01201923076923077 0.019230769230769232
0 0.18509615384615385 0.5973557692307693 0.01201923076923077 0.02403846153846154
0 0.1935096153846154 0.6153846153846154 0.019230769230769232 0.027644230769230768
0 0.22235576923076922 0.6009615384615384 0.015625 0.02403846153846154
0 0.21153846153846154 0.6117788461538461 0.015625 0.019230769230769232
0 0.23677884615384615 0.6009615384615384 0.01201923076923077 0.02403846153846154
0 0.24278846153846154 0.6129807692307693 0.015625 0.02403846153846154
0 0.15625 0.5336538461538461 0.015625 0.019230769230769232
0 0.16346153846153846 0.5492788461538461 0.015625 0.019230769230769232
0 0.17548076923076922 0.5348557692307693 0.015625 0.02403846153846154
0 0.18389423076923078 0.5492788461538461 0.015625 0.019230769230769232
0 0.19110576923076922 0.5384615384615384 0.015625 0.02403846153846154
0 0.2091346153846154 0.5348557692307693 0.01201923076923077 0.02403846153846154
0 0.20072115384615385 0.546875 0.01201923076923077 0.02403846153846154
0 0.3401442307692308 0.5552884615384616 0.015625 0.02403846153846154
0 0.33413461538461536 0.5432692307692307 0.019230769230769232 0.02403846153846154
0 0.3125 0.5432692307692307 0.015625 0.02403846153846154
0 0.31971153846153844 0.5528846153846154 0.015625 0.027644230769230768
0 0.29447115384615385 0.5432692307692307 0.01201923076923077 0.02403846153846154
0 0.2848557692307692 0.5552884615384616 0.015625 0.02403846153846154
0 0.27884615384615385 0.5408653846153846 0.019230769230769232 0.019230769230769232
0 0.25961538461538464 0.5432692307692307 0.01201923076923077 0.02403846153846154
0 0.2247596153846154 0.5384615384615384 0.01201923076923077 0.02403846153846154
0 0.23197115384615385 0.5492788461538461 0.01201923076923077 0.019230769230769232
0 0.2439903846153846 0.5384615384615384 0.01201923076923077 0.02403846153846154
0 0.25240384615384615 0.5504807692307693 0.01201923076923077 0.02403846153846154
0 0.16826923076923078 0.48677884615384615 0.015625 0.027644230769230768
0 0.1778846153846154 0.47475961538461536 0.01201923076923077 0.027644230769230768
0 0.1875 0.49278846153846156 0.015625 0.03125
0 0.203125 0.49278846153846156 0.015625 0.03125
0 0.22115384615384615 0.4879807692307692 0.01201923076923077 0.02403846153846154
0 0.23076923076923078 0.47596153846153844 0.015625 0.02403846153846154
0 0.24278846153846154 0.48677884615384615 0.015625 0.019230769230769232
0 0.25600961538461536 0.4879807692307692 0.01201923076923077 0.02403846153846154
0 0.26802884615384615 0.47475961538461536 0.01201923076923077 0.019230769230769232
0 0.27403846153846156 0.49278846153846156 0.015625 0.02403846153846154
0 0.28365384615384615 0.47596153846153844 0.01201923076923077 0.02403846153846154
0 0.29086538461538464 0.49399038461538464 0.01201923076923077 0.027644230769230768
0 0.31009615384615385 0.49278846153846156 0.01201923076923077 0.02403846153846154
0 0.31850961538461536 0.47836538461538464 0.01201923076923077 0.019230769230769232
0 0.3004807692307692 0.47836538461538464 0.015625 0.027644230769230768
0 0.32572115384615385 0.49399038461538464 0.01201923076923077 0.027644230769230768
0 0.34134615384615385 0.49399038461538464 0.01201923076923077 0.027644230769230768
0 0.33413461538461536 0.47836538461538464 0.01201923076923077 0.019230769230769232