0 0.28125 0.6899038461538461 0.015625 0.019230769230769232
0 0.3088942307692308 0.6911057692307693 0.015625 0.015625
0 0.31971153846153844 0.7007211538461539 0.015625 0.019230769230769232
0 0.33052884615384615 0.6899038461538461 0.019230769230769232 0.019230769230769232
0 0.3401442307692308 0.703125 0.015625 0.015625
0 0.34975961538461536 0.6911057692307693 0.019230769230769232 0.015625
0 0.359375 0.7055288461538461 0.015625 0.019230769230769232
0 0.37259615384615385 0.6947115384615384 0.01201923076923077 0.015625
0 0.38221153846153844 0.7055288461538461 0.015625 0.01201923076923077
0 0.3942307692307692 0.6935096153846154 0.015625 0.019230769230769232
0 0.40384615384615385 0.7055288461538461 0.019230769230769232 0.01201923076923077
0 0.41586538461538464 0.6911057692307693 0.019230769230769232 0.015625
0 0.4254807692307692 0.7067307692307693 0.015625 0.015625
0 0.4411057692307692 0.6947115384615384 0.015625 0.015625
0 0.4495192307692308 0.7091346153846154 0.015625 0.019230769230769232
0 0.46274038461538464 0.6947115384615384 0.01201923076923077 0.015625
0 0.484375 0.6947115384615384 0.015625 0.015625
0 0.5060096153846154 0.6947115384615384 0.019230769230769232 0.015625
0 0.47475961538461536 0.7091346153846154 0.019230769230769232 0.01201923076923077
0 0.4963942307692308 0.7067307692307693 0.015625 0.015625
0 0.515625 0.7091346153846154 0.02403846153846154 0.01201923076923077