0 0.28125 0.31490384615384615 0.015625 0.019230769230769232
0 0.3088942307692308 0.3161057692307692 0.015625 0.015625
0 0.31971153846153844 0.32572115384615385 0.015625 0.019230769230769232
0 0.33052884615384615 0.31490384615384615 0.019230769230769232 0.019230769230769232
0 0.3401442307692308 0.328125 0.015625 0.015625
0 0.34975961538461536 0.3161057692307692 0.019230769230769232 0.015625
0 0.359375 0.33052884615384615 0.015625 0.019230769230769232
0 0.37259615384615385 0.31971153846153844 0.01201923076923077 0.015625
0 0.38221153846153844 0.33052884615384615 0.015625 0.01201923076923077
0 0.3942307692307692 0.31850961538461536 0.015625 0.019230769230769232
0 0.40384615384615385 0.33052884615384615 0.019230769230769232 0.01201923076923077
0 0.41586538461538464 0.3161057692307692 0.019230769230769232 0.015625
0 0.4254807692307692 0.3317307692307692 0.015625 0.015625
0 0.4411057692307692 0.31971153846153844 0.015625 0.015625
0 0.4495192307692308 0.33413461538461536 0.015625 0.019230769230769232
0 0.46274038461538464 0.31971153846153844 0.01201923076923077 0.015625
0 0.484375 0.31971153846153844 0.015625 0.015625
0 0.5060096153846154 0.31971153846153844 0.019230769230769232 0.015625
0 0.47475961538461536 0.33413461538461536 0.019230769230769232 0.01201923076923077
0 0.4963942307692308 0.3317307692307692 0.015625 0.015625
0 0.515625 0.33413461538461536 0.02403846153846154 0.01201923076923077
0 0.38822115384615385 0.7091346153846154 0.01201923076923077 0.019230769230769232
0 0.40024038461538464 0.7007211538461539 0.01201923076923077 0.019230769230769232
0 0.41225961538461536 0.7067307692307693 0.01201923076923077 0.015625
0 0.41947115384615385 0.6995192307692307 0.01201923076923077 0.015625
0 0.43149038461538464 0.7115384615384616 0.01201923076923077 0.015625
0 0.4411057692307692 0.6971153846153846 0.015625 0.019230769230769232
0 0.45072115384615385 0.7127403846153846 0.01201923076923077 0.019230769230769232
0 0.46274038461538464 0.7007211538461539 0.01201923076923077 0.019230769230769232
0 0.47115384615384615 0.7151442307692307 0.01201923076923077 0.015625
0 0.484375 0.6995192307692307 0.015625 0.02403846153846154
0 0.5132211538461539 0.7151442307692307 0.01201923076923077 0.015625
0 0.41586538461538464 0.6490384615384616 0.019230769230769232 0.02403846153846154
0 0.4411057692307692 0.6502403846153846 0.015625 0.027644230769230768
0 0.4651442307692308 0.6526442307692307 0.015625 0.02403846153846154
0 0.48677884615384615 0.65625 0.019230769230769232 0.02403846153846154
0 0.5096153846153846 0.6538461538461539 0.019230769230769232 0.027644230769230768
0 0.40865384615384615 0.765625 0.019230769230769232 0.03125
0 0.46634615384615385 0.7524038461538461 0.019230769230769232 0.019230769230769232
0 0.47836538461538464 0.7752403846153846 0.019230769230769232 0.019230769230769232
0 0.4495192307692308 0.8197115384615384 0.02403846153846154 0.02403846153846154
0 0.46875 0.8185096153846154 0.015625 0.019230769230769232
0 0.4963942307692308 0.8161057692307693 0.015625 0.02403846153846154
0 0.5192307692307693 0.8064903846153846 0.015625 0.05048076923076923