0 0.03125 0.6370192307692307 0.03125 0.03125
0 0.01201923076923077 0.6658653846153846 0.02403846153846154 0.04326923076923077
0 0.015625 0.9495192307692307 0.02403846153846154 0.03125
0 0.20673076923076922 0.7367788461538461 0.038461538461538464 0.03485576923076923
0 0.2403846153846154 0.7752403846153846 0.03485576923076923 0.04326923076923077
0 0.2692307692307692 0.7463942307692307 0.03125 0.046875
0 0.296875 0.7788461538461539 0.03125 0.04326923076923077
0 0.38221153846153844 0.7403846153846154 0.03125 0.04326923076923077
0 0.43990384615384615 0.7536057692307693 0.03485576923076923 0.038461538461538464
0 0.17548076923076922 0.9002403846153846 0.02403846153846154 0.03485576923076923
0 0.23076923076923078 0.9086538461538461 0.03125 0.03485576923076923
0 0.25961538461538464 0.8713942307692307 0.027644230769230768 0.03125
0 0.29086538461538464 0.9122596153846154 0.027644230769230768 0.03485576923076923
0 0.32211538461538464 0.8822115384615384 0.027644230769230768 0.038461538461538464
0 0.35096153846153844 0.9134615384615384 0.038461538461538464 0.038461538461538464
0 0.41225961538461536 0.9254807692307693 0.03485576923076923 0.055288461538461536
0 0.4375 0.8870192307692307 0.03125 0.046875
0 0.46634615384615385 0.9254807692307693 0.03485576923076923 0.046875