0 0.015625 0.19951923076923078 0.02403846153846154 0.03125
0 0.009615384615384616 0.31490384615384615 0.019230769230769232 0.03485576923076923
0 0.2403846153846154 0.025240384615384616 0.03485576923076923 0.04326923076923077
0 0.2692307692307692 0.009615384615384616 0.03125 0.019230769230769232
0 0.296875 0.028846153846153848 0.03125 0.04326923076923077
0 0.38221153846153844 0.006009615384615385 0.03125 0.01201923076923077
0 0.43990384615384615 0.01201923076923077 0.03485576923076923 0.02403846153846154
0 0.17548076923076922 0.1502403846153846 0.02403846153846154 0.03485576923076923
0 0.23076923076923078 0.15865384615384615 0.03125 0.03485576923076923
0 0.25961538461538464 0.12139423076923077 0.027644230769230768 0.03125
0 0.29086538461538464 0.1622596153846154 0.027644230769230768 0.03485576923076923
0 0.32211538461538464 0.13221153846153846 0.027644230769230768 0.038461538461538464
0 0.35096153846153844 0.16346153846153846 0.038461538461538464 0.038461538461538464
0 0.41225961538461536 0.17548076923076922 0.03485576923076923 0.055288461538461536
0 0.4375 0.13701923076923078 0.03125 0.046875
0 0.46634615384615385 0.17548076923076922 0.03485576923076923 0.046875
0 0.1658653846153846 0.3004807692307692 0.03485576923076923 0.046875
0 0.19951923076923078 0.2620192307692308 0.03125 0.038461538461538464
0 0.22596153846153846 0.296875 0.03125 0.038461538461538464
0 0.25721153846153844 0.26322115384615385 0.03125 0.03485576923076923
0 0.28365384615384615 0.30288461538461536 0.03485576923076923 0.04326923076923077
0 0.3161057692307692 0.26802884615384615 0.03125 0.03485576923076923
0 0.34375 0.30649038461538464 0.03125 0.03485576923076923
0 0.37740384615384615 0.27524038461538464 0.03485576923076923 0.04326923076923077
0 0.39663461538461536 0.3088942307692308 0.027644230769230768 0.038461538461538464
0 0.43149038461538464 0.28125 0.027644230769230768 0.038461538461538464
0 0.46153846153846156 0.31850961538461536 0.038461538461538464 0.05048076923076923
0 0.15625 0.4338942307692308 0.03125 0.038461538461538464
0 0.1875 0.4026442307692308 0.03125 0.038461538461538464
0 0.21634615384615385 0.43990384615384615 0.03485576923076923 0.04326923076923077
0 0.24639423076923078 0.4026442307692308 0.03125 0.03125
0 0.27403846153846156 0.4411057692307692 0.038461538461538464 0.03125
0 0.30649038461538464 0.40865384615384615 0.027644230769230768 0.03485576923076923
0 0.3317307692307692 0.44471153846153844 0.03125 0.038461538461538464
0 0.36177884615384615 0.41225961538461536 0.03485576923076923 0.03485576923076923
0 0.3942307692307692 0.453125 0.038461538461538464 0.046875
0 0.4254807692307692 0.421875 0.038461538461538464 0.046875
0 0.453125 0.4495192307692308 0.038461538461538464 0.055288461538461536
0 0.11298076923076923 0.6153846153846154 0.03125 0.03485576923076923
0 0.14423076923076922 0.5877403846153846 0.03125 0.04326923076923077
0 0.17427884615384615 0.625 0.027644230769230768 0.038461538461538464
0 0.20552884615384615 0.5877403846153846 0.027644230769230768 0.04326923076923077
0 0.23197115384615385 0.6225961538461539 0.027644230769230768 0.04326923076923077
0 0.26322115384615385 0.5901442307692307 0.027644230769230768 0.03125
0 0.2932692307692308 0.625 0.02403846153846154 0.046875
0 0.31971153846153844 0.5913461538461539 0.03125 0.03485576923076923
0 0.35096153846153844 0.6322115384615384 0.02403846153846154 0.038461538461538464
0 0.38221153846153844 0.5973557692307693 0.02403846153846154 0.038461538461538464
0 0.41346153846153844 0.6322115384615384 0.03125 0.038461538461538464
0 0.43990384615384615 0.6033653846153846 0.027644230769230768 0.04326923076923077
0 0.10697115384615384 0.7884615384615384 0.027644230769230768 0.038461538461538464
0 0.13822115384615385 0.7596153846153846 0.027644230769230768 0.04326923076923077
0 0.16826923076923078 0.7908653846153846 0.03125 0.03485576923076923
0 0.1935096153846154 0.7560096153846154 0.03485576923076923 0.03485576923076923
0 0.22235576923076922 0.7932692307692307 0.038461538461538464 0.046875
0 0.25721153846153844 0.7632211538461539 0.03125 0.04326923076923077
0 0.28365384615384615 0.7992788461538461 0.03485576923076923 0.05048076923076923
0 0.3161057692307692 0.7680288461538461 0.03125 0.04326923076923077
0 0.34134615384615385 0.8004807692307693 0.03485576923076923 0.046875
0 0.375 0.7680288461538461 0.03125 0.04326923076923077
0 0.40024038461538464 0.8064903846153846 0.03485576923076923 0.03485576923076923
0 0.09735576923076923 0.9314903846153846 0.03125 0.04326923076923077
0 0.12860576923076922 0.8942307692307693 0.038461538461538464 0.038461538461538464
0 0.15625 0.9278846153846154 0.046875 0.03485576923076923
0 0.1875 0.9002403846153846 0.03125 0.03485576923076923
0 0.21514423076923078 0.9314903846153846 0.03125 0.03485576923076923
0 0.24639423076923078 0.9026442307692307 0.03125 0.03125
0 0.26802884615384615 0.9399038461538461 0.03485576923076923 0.04326923076923077
0 0.30288461538461536 0.9026442307692307 0.03485576923076923 0.046875
0 0.328125 0.9375 0.038461538461538464 0.038461538461538464
0 0.36177884615384615 0.90625 0.03485576923076923 0.038461538461538464
0 0.38461538461538464 0.9447115384615384 0.04326923076923077 0.038461538461538464
0 0.4182692307692308 0.9098557692307693 0.038461538461538464 0.046875