0 0.15625 0.05889423076923077 0.03125 0.038461538461538464
0 0.1875 0.027644230769230768 0.03125 0.038461538461538464
0 0.21634615384615385 0.06490384615384616 0.03485576923076923 0.04326923076923077
0 0.24639423076923078 0.027644230769230768 0.03125 0.03125
0 0.27403846153846156 0.06610576923076923 0.038461538461538464 0.03125
0 0.30649038461538464 0.03365384615384615 0.027644230769230768 0.03485576923076923
0 0.3317307692307692 0.06971153846153846 0.03125 0.038461538461538464
0 0.36177884615384615 0.037259615384615384 0.03485576923076923 0.03485576923076923
0 0.3942307692307692 0.078125 0.038461538461538464 0.046875
0 0.4254807692307692 0.046875 0.038461538461538464 0.046875
0 0.453125 0.07451923076923077 0.038461538461538464 0.055288461538461536
0 0.11298076923076923 0.2403846153846154 0.03125 0.03485576923076923
0 0.14423076923076922 0.2127403846153846 0.03125 0.04326923076923077
0 0.17427884615384615 0.25 0.027644230769230768 0.038461538461538464
0 0.20552884615384615 0.2127403846153846 0.027644230769230768 0.04326923076923077
0 0.23197115384615385 0.24759615384615385 0.027644230769230768 0.04326923076923077
0 0.26322115384615385 0.21514423076923078 0.027644230769230768 0.03125
0 0.2932692307692308 0.25 0.02403846153846154 0.046875
0 0.31971153846153844 0.21634615384615385 0.03125 0.03485576923076923
0 0.35096153846153844 0.25721153846153844 0.02403846153846154 0.038461538461538464
0 0.38221153846153844 0.22235576923076922 0.02403846153846154 0.038461538461538464
0 0.41346153846153844 0.25721153846153844 0.03125 0.038461538461538464
0 0.43990384615384615 0.2283653846153846 0.027644230769230768 0.04326923076923077
0 0.10697115384615384 0.41346153846153844 0.027644230769230768 0.038461538461538464
0 0.13822115384615385 0.38461538461538464 0.027644230769230768 0.04326923076923077
0 0.16826923076923078 0.41586538461538464 0.03125 0.03485576923076923
0 0.1935096153846154 0.38100961538461536 0.03485576923076923 0.03485576923076923
0 0.22235576923076922 0.4182692307692308 0.038461538461538464 0.046875
0 0.25721153846153844 0.38822115384615385 0.03125 0.04326923076923077
0 0.28365384615384615 0.42427884615384615 0.03485576923076923 0.05048076923076923
0 0.3161057692307692 0.39302884615384615 0.03125 0.04326923076923077
0 0.34134615384615385 0.4254807692307692 0.03485576923076923 0.046875
0 0.375 0.39302884615384615 0.03125 0.04326923076923077
0 0.40024038461538464 0.43149038461538464 0.03485576923076923 0.03485576923076923
0 0.09735576923076923 0.5564903846153846 0.03125 0.04326923076923077
0 0.12860576923076922 0.5192307692307693 0.038461538461538464 0.038461538461538464
0 0.15625 0.5528846153846154 0.046875 0.03485576923076923
0 0.1875 0.5252403846153846 0.03125 0.03485576923076923
0 0.21514423076923078 0.5564903846153846 0.03125 0.03485576923076923
0 0.24639423076923078 0.5276442307692307 0.03125 0.03125
0 0.26802884615384615 0.5649038461538461 0.03485576923076923 0.04326923076923077
0 0.30288461538461536 0.5276442307692307 0.03485576923076923 0.046875
0 0.328125 0.5625 0.038461538461538464 0.038461538461538464
0 0.36177884615384615 0.53125 0.03485576923076923 0.038461538461538464
0 0.38461538461538464 0.5697115384615384 0.04326923076923077 0.038461538461538464
0 0.4182692307692308 0.5348557692307693 0.038461538461538464 0.046875
0 0.09375 0.6838942307692307 0.038461538461538464 0.03125
0 0.12259615384615384 0.6538461538461539 0.04326923076923077 0.03485576923076923
0 0.15384615384615385 0.6899038461538461 0.03485576923076923 0.03485576923076923
0 0.1778846153846154 0.65625 0.03485576923076923 0.038461538461538464
0 0.20673076923076922 0.703125 0.038461538461538464 0.046875
0 0.23798076923076922 0.6658653846153846 0.038461538461538464 0.04326923076923077
0 0.27403846153846156 0.7007211538461539 0.038461538461538464 0.04326923076923077
0 0.296875 0.6682692307692307 0.038461538461538464 0.046875
0 0.328125 0.7067307692307693 0.046875 0.046875
0 0.35096153846153844 0.6682692307692307 0.038461538461538464 0.046875
0 0.38461538461538464 0.7055288461538461 0.04326923076923077 0.03485576923076923
0 0.41225961538461536 0.6634615384615384 0.04326923076923077 0.038461538461538464
0 0.08653846153846154 0.828125 0.03125 0.038461538461538464
0 0.11899038461538461 0.7932692307692307 0.027644230769230768 0.038461538461538464
0 0.1466346153846154 0.8305288461538461 0.027644230769230768 0.04326923076923077
0 0.1778846153846154 0.7932692307692307 0.027644230769230768 0.038461538461538464
0 0.20552884615384615 0.8317307692307693 0.027644230769230768 0.038461538461538464
0 0.234375 0.7992788461538461 0.03125 0.03485576923076923
0 0.2620192307692308 0.8365384615384616 0.03125 0.038461538461538464
0 0.29447115384615385 0.7992788461538461 0.027644230769230768 0.04326923076923077
0 0.34375 0.8052884615384616 0.046875 0.038461538461538464
0 0.31850961538461536 0.8401442307692307 0.03485576923076923 0.038461538461538464
0 0.375 0.8461538461538461 0.03125 0.04326923076923077
0 0.40865384615384615 0.8100961538461539 0.04326923076923077 0.03485576923076923
0 0.078125 0.9615384615384616 0.03125 0.038461538461538464
0 0.109375 0.9399038461538461 0.03125 0.05048076923076923
0 0.16346153846153846 0.9314903846153846 0.038461538461538464 0.04326923076923077
0 0.13822115384615385 0.9663461538461539 0.027644230769230768 0.03485576923076923
0 0.1971153846153846 0.9663461538461539 0.027644230769230768 0.03485576923076923
0 0.2247596153846154 0.9375 0.027644230769230768 0.038461538461538464
0 0.25240384615384615 0.9663461538461539 0.03485576923076923 0.04326923076923077
0 0.2848557692307692 0.9435096153846154 0.03125 0.04326923076923077
0 0.31490384615384615 0.9747596153846154 0.027644230769230768 0.04326923076923077