0 0.08653846153846154 0.078125 0.03125 0.038461538461538464
0 0.11899038461538461 0.04326923076923077 0.027644230769230768 0.038461538461538464
0 0.1466346153846154 0.08052884615384616 0.027644230769230768 0.04326923076923077
0 0.1778846153846154 0.04326923076923077 0.027644230769230768 0.038461538461538464
0 0.20552884615384615 0.08173076923076923 0.027644230769230768 0.038461538461538464
0 0.234375 0.04927884615384615 0.03125 0.03485576923076923
0 0.2620192307692308 0.08653846153846154 0.03125 0.038461538461538464
0 0.29447115384615385 0.04927884615384615 0.027644230769230768 0.04326923076923077
0 0.34375 0.055288461538461536 0.046875 0.038461538461538464
0 0.31850961538461536 0.09014423076923077 0.03485576923076923 0.038461538461538464
0 0.375 0.09615384615384616 0.03125 0.04326923076923077
0 0.40865384615384615 0.06009615384615385 0.04326923076923077 0.03485576923076923
0 0.078125 0.21153846153846154 0.03125 0.038461538461538464
0 0.109375 0.18990384615384615 0.03125 0.05048076923076923
0 0.16346153846153846 0.1814903846153846 0.038461538461538464 0.04326923076923077
0 0.13822115384615385 0.21634615384615385 0.027644230769230768 0.03485576923076923
0 0.1971153846153846 0.21634615384615385 0.027644230769230768 0.03485576923076923
0 0.2247596153846154 0.1875 0.027644230769230768 0.038461538461538464
0 0.25240384615384615 0.21634615384615385 0.03485576923076923 0.04326923076923077
0 0.2848557692307692 0.1935096153846154 0.03125 0.04326923076923077
0 0.31490384615384615 0.2247596153846154 0.027644230769230768 0.04326923076923077
0 0.8509615384615384 0.8870192307692307 0.02403846153846154 0.015625
0 0.8810096153846154 0.8810096153846154 0.019230769230769232 0.027644230769230768
0 0.9098557692307693 0.8846153846153846 0.02403846153846154 0.027644230769230768
0 0.9411057692307693 0.8846153846153846 0.02403846153846154 0.027644230769230768
0 0.9723557692307693 0.890625 0.03125 0.03125
0 0.9098557692307693 0.9939903846153846 0.02403846153846154 0.003605769230769231