0 0.8509615384615384 0.5120192307692307 0.02403846153846154 0.015625
0 0.8810096153846154 0.5060096153846154 0.019230769230769232 0.027644230769230768
0 0.9098557692307693 0.5096153846153846 0.02403846153846154 0.027644230769230768
0 0.9411057692307693 0.5096153846153846 0.02403846153846154 0.027644230769230768
0 0.9723557692307693 0.515625 0.03125 0.03125
0 0.9098557692307693 0.6346153846153846 0.02403846153846154 0.03485576923076923
0 0.96875 0.6430288461538461 0.03125 0.03485576923076923
0 0.6995192307692307 0.7692307692307693 0.03125 0.03125
0 0.7283653846153846 0.734375 0.04326923076923077 0.03125
0 0.7572115384615384 0.7740384615384616 0.03125 0.038461538461538464
0 0.7872596153846154 0.7379807692307693 0.027644230769230768 0.03125
0 0.8125 0.7716346153846154 0.03125 0.03485576923076923
0 0.8497596153846154 0.7427884615384616 0.019230769230769232 0.03125
0 0.8774038461538461 0.7776442307692307 0.027644230769230768 0.038461538461538464
0 0.90625 0.7439903846153846 0.03125 0.03485576923076923
0 0.9338942307692307 0.78125 0.02403846153846154 0.03125
0 0.9615384615384616 0.75 0.03125 0.03125
0 0.7247596153846154 0.9026442307692307 0.04326923076923077 0.03125
0 0.7536057692307693 0.875 0.02403846153846154 0.03125
0 0.78125 0.9086538461538461 0.02403846153846154 0.027644230769230768
0 0.8100961538461539 0.875 0.027644230769230768 0.03125
0 0.8461538461538461 0.8990384615384616 0.019230769230769232 0.02403846153846154
0 0.8713942307692307 0.8786057692307693 0.02403846153846154 0.038461538461538464
0 0.9026442307692307 0.9038461538461539 0.03125 0.03485576923076923
0 0.9278846153846154 0.8810096153846154 0.027644230769230768 0.03485576923076923
0 0.9591346153846154 0.9182692307692307 0.027644230769230768 0.038461538461538464
0 0.984375 0.8810096153846154 0.02403846153846154 0.04326923076923077