0 0.8509615384615384 0.13701923076923078 0.02403846153846154 0.015625
0 0.8810096153846154 0.1310096153846154 0.019230769230769232 0.027644230769230768
0 0.9098557692307693 0.1346153846153846 0.02403846153846154 0.027644230769230768
0 0.9411057692307693 0.1346153846153846 0.02403846153846154 0.027644230769230768
0 0.9723557692307693 0.140625 0.03125 0.03125
0 0.9098557692307693 0.25961538461538464 0.02403846153846154 0.03485576923076923
0 0.96875 0.26802884615384615 0.03125 0.03485576923076923
0 0.6995192307692307 0.3942307692307692 0.03125 0.03125
0 0.7283653846153846 0.359375 0.04326923076923077 0.03125
0 0.7572115384615384 0.39903846153846156 0.03125 0.038461538461538464
0 0.7872596153846154 0.3629807692307692 0.027644230769230768 0.03125
0 0.8125 0.39663461538461536 0.03125 0.03485576923076923
0 0.8497596153846154 0.36778846153846156 0.019230769230769232 0.03125
0 0.8774038461538461 0.4026442307692308 0.027644230769230768 0.038461538461538464
0 0.90625 0.36899038461538464 0.03125 0.03485576923076923
0 0.9338942307692307 0.40625 0.02403846153846154 0.03125
0 0.9615384615384616 0.375 0.03125 0.03125
0 0.9879807692307693 0.40625 0.015625 0.03125
0 0.7247596153846154 0.5276442307692307 0.04326923076923077 0.03125
0 0.7536057692307693 0.5 0.02403846153846154 0.03125
0 0.78125 0.5336538461538461 0.02403846153846154 0.027644230769230768
0 0.8100961538461539 0.5 0.027644230769230768 0.03125
0 0.8461538461538461 0.5240384615384616 0.019230769230769232 0.02403846153846154
0 0.8713942307692307 0.5036057692307693 0.02403846153846154 0.038461538461538464
0 0.9026442307692307 0.5288461538461539 0.03125 0.03485576923076923
0 0.9278846153846154 0.5060096153846154 0.027644230769230768 0.03485576923076923
0 0.9591346153846154 0.5432692307692307 0.027644230769230768 0.038461538461538464
0 0.984375 0.5060096153846154 0.02403846153846154 0.04326923076923077
0 0.765625 0.8461538461538461 0.02403846153846154 0.027644230769230768
0 0.796875 0.84375 0.02403846153846154 0.03125
0 0.8305288461538461 0.8473557692307693 0.019230769230769232 0.03125
0 0.9302884615384616 0.7716346153846154 0.03125 0.027644230769230768