0 0.6995192307692307 0.019230769230769232 0.03125 0.03125
0 0.7572115384615384 0.02403846153846154 0.03125 0.038461538461538464
0 0.7872596153846154 0.002403846153846154 0.027644230769230768 0.003605769230769231
0 0.8125 0.021634615384615384 0.03125 0.03485576923076923
0 0.8497596153846154 0.003605769230769231 0.019230769230769232 0.007211538461538462
0 0.8774038461538461 0.027644230769230768 0.027644230769230768 0.038461538461538464
0 0.90625 0.006009615384615385 0.03125 0.01201923076923077
0 0.9338942307692307 0.03125 0.02403846153846154 0.03125
0 0.9603365384615384 0.007211538461538462 0.03125 0.014423076923076924
0 0.7247596153846154 0.15264423076923078 0.04326923076923077 0.03125
0 0.7536057692307693 0.125 0.02403846153846154 0.03125
0 0.78125 0.15865384615384615 0.02403846153846154 0.027644230769230768
0 0.8100961538461539 0.125 0.027644230769230768 0.03125
0 0.8461538461538461 0.14903846153846154 0.019230769230769232 0.02403846153846154
0 0.8713942307692307 0.12860576923076922 0.02403846153846154 0.038461538461538464
0 0.9026442307692307 0.15384615384615385 0.03125 0.03485576923076923
0 0.9278846153846154 0.1310096153846154 0.027644230769230768 0.03485576923076923
0 0.9591346153846154 0.16826923076923078 0.027644230769230768 0.038461538461538464
0 0.984375 0.1310096153846154 0.02403846153846154 0.04326923076923077
0 0.019230769230769232 0.6935096153846154 0.015625 0.019230769230769232
0 0.028846153846153848 0.7055288461538461 0.019230769230769232 0.01201923076923077
0 0.040865384615384616 0.6911057692307693 0.019230769230769232 0.015625
0 0.05048076923076923 0.7067307692307693 0.015625 0.015625
0 0.06610576923076923 0.6947115384615384 0.015625 0.015625
0 0.07451923076923077 0.7091346153846154 0.015625 0.019230769230769232
0 0.08774038461538461 0.6947115384615384 0.01201923076923077 0.015625
0 0.109375 0.6947115384615384 0.015625 0.015625
0 0.1310096153846154 0.6947115384615384 0.019230769230769232 0.015625
0 0.09975961538461539 0.7091346153846154 0.019230769230769232 0.01201923076923077
0 0.12139423076923077 0.7067307692307693 0.015625 0.015625
0 0.140625 0.7091346153846154 0.02403846153846154 0.01201923076923077
0 0.765625 0.47115384615384615 0.02403846153846154 0.027644230769230768
0 0.796875 0.46875 0.02403846153846154 0.03125
0 0.8305288461538461 0.4723557692307692 0.019230769230769232 0.03125
0 0.9302884615384616 0.39663461538461536 0.03125 0.027644230769230768