0 0.007211538461538462 0.33052884615384615 0.014423076923076924 0.01201923076923077
0 0.019230769230769232 0.31850961538461536 0.015625 0.019230769230769232
0 0.028846153846153848 0.33052884615384615 0.019230769230769232 0.01201923076923077
0 0.040865384615384616 0.3161057692307692 0.019230769230769232 0.015625
0 0.05048076923076923 0.3317307692307692 0.015625 0.015625
0 0.06610576923076923 0.31971153846153844 0.015625 0.015625
0 0.07451923076923077 0.33413461538461536 0.015625 0.019230769230769232
0 0.08774038461538461 0.31971153846153844 0.01201923076923077 0.015625
0 0.109375 0.31971153846153844 0.015625 0.015625
0 0.1310096153846154 0.31971153846153844 0.019230769230769232 0.015625
0 0.09975961538461539 0.33413461538461536 0.019230769230769232 0.01201923076923077
0 0.12139423076923077 0.3317307692307692 0.015625 0.015625
0 0.140625 0.33413461538461536 0.02403846153846154 0.01201923076923077
0 0.765625 0.09615384615384616 0.02403846153846154 0.027644230769230768
0 0.796875 0.09375 0.02403846153846154 0.03125
0 0.8305288461538461 0.09735576923076923 0.019230769230769232 0.03125
0 0.9302884615384616 0.021634615384615384 0.03125 0.027644230769230768
0 0.9903846153846154 0.03485576923076923 0.01201923076923077 0.02403846153846154
0 0.013221153846153846 0.7091346153846154 0.01201923076923077 0.019230769230769232
0 0.025240384615384616 0.7007211538461539 0.01201923076923077 0.019230769230769232
0 0.037259615384615384 0.7067307692307693 0.01201923076923077 0.015625
0 0.04447115384615385 0.6995192307692307 0.01201923076923077 0.015625
0 0.056490384615384616 0.7115384615384616 0.01201923076923077 0.015625
0 0.06610576923076923 0.6971153846153846 0.015625 0.019230769230769232
0 0.07572115384615384 0.7127403846153846 0.01201923076923077 0.019230769230769232
0 0.08774038461538461 0.7007211538461539 0.01201923076923077 0.019230769230769232
0 0.09615384615384616 0.7151442307692307 0.01201923076923077 0.015625
0 0.109375 0.6995192307692307 0.015625 0.02403846153846154
0 0.13822115384615385 0.7151442307692307 0.01201923076923077 0.015625
0 0.040865384615384616 0.6490384615384616 0.019230769230769232 0.02403846153846154
0 0.06610576923076923 0.6502403846153846 0.015625 0.027644230769230768
0 0.09014423076923077 0.6526442307692307 0.015625 0.02403846153846154
0 0.11177884615384616 0.65625 0.019230769230769232 0.02403846153846154
0 0.1346153846153846 0.6538461538461539 0.019230769230769232 0.027644230769230768
0 0.03365384615384615 0.765625 0.019230769230769232 0.03125
0 0.09134615384615384 0.7524038461538461 0.019230769230769232 0.019230769230769232
0 0.10336538461538461 0.7752403846153846 0.019230769230769232 0.019230769230769232
0 0.07451923076923077 0.8197115384615384 0.02403846153846154 0.02403846153846154
0 0.09375 0.8185096153846154 0.015625 0.019230769230769232
0 0.12139423076923077 0.8161057692307693 0.015625 0.02403846153846154
0 0.14423076923076922 0.8064903846153846 0.015625 0.05048076923076923