0 0.06490384615384616 0.01201923076923077 0.03485576923076923 0.02403846153846154
0 0.037259615384615384 0.17548076923076922 0.03485576923076923 0.055288461538461536
0 0.0625 0.13701923076923078 0.03125 0.046875
0 0.09134615384615384 0.17548076923076922 0.03485576923076923 0.046875
0 0.021634615384615384 0.3088942307692308 0.027644230769230768 0.038461538461538464
0 0.056490384615384616 0.28125 0.027644230769230768 0.038461538461538464
0 0.08653846153846154 0.31850961538461536 0.038461538461538464 0.05048076923076923
0 0.002403846153846154 0.41225961538461536 0.003605769230769231 0.03485576923076923
0 0.019230769230769232 0.453125 0.038461538461538464 0.046875
0 0.05048076923076923 0.421875 0.038461538461538464 0.046875
0 0.078125 0.4495192307692308 0.038461538461538464 0.055288461538461536
0 0.009615384615384616 0.5973557692307693 0.019230769230769232 0.038461538461538464
0 0.038461538461538464 0.6322115384615384 0.03125 0.038461538461538464
0 0.06490384615384616 0.6033653846153846 0.027644230769230768 0.04326923076923077
0 0.025240384615384616 0.8064903846153846 0.03485576923076923 0.03485576923076923
0 0.015625 0.9447115384615384 0.03125 0.038461538461538464
0 0.04326923076923077 0.9098557692307693 0.038461538461538464 0.046875