0 0.019230769230769232 0.078125 0.038461538461538464 0.046875
0 0.05048076923076923 0.046875 0.038461538461538464 0.046875
0 0.078125 0.07451923076923077 0.038461538461538464 0.055288461538461536
0 0.009615384615384616 0.22235576923076922 0.019230769230769232 0.038461538461538464
0 0.038461538461538464 0.25721153846153844 0.03125 0.038461538461538464
0 0.06490384615384616 0.2283653846153846 0.027644230769230768 0.04326923076923077
0 0.025240384615384616 0.43149038461538464 0.03485576923076923 0.03485576923076923
0 0.002403846153846154 0.53125 0.003605769230769231 0.038461538461538464
0 0.015625 0.5697115384615384 0.03125 0.038461538461538464
0 0.04326923076923077 0.5348557692307693 0.038461538461538464 0.046875
0 0.015625 0.7055288461538461 0.03125 0.03485576923076923
0 0.037259615384615384 0.6634615384615384 0.04326923076923077 0.038461538461538464
0 0.03365384615384615 0.8100961538461539 0.04326923076923077 0.03485576923076923