0 0.47596153846153844 0.13701923076923078 0.02403846153846154 0.015625
0 0.5060096153846154 0.1310096153846154 0.019230769230769232 0.027644230769230768
0 0.5348557692307693 0.1346153846153846 0.02403846153846154 0.027644230769230768
0 0.5661057692307693 0.1346153846153846 0.02403846153846154 0.027644230769230768
0 0.5973557692307693 0.140625 0.03125 0.03125
0 0.6466346153846154 0.14302884615384615 0.027644230769230768 0.03485576923076923
0 0.7367788461538461 0.1466346153846154 0.027644230769230768 0.027644230769230768
0 0.7884615384615384 0.14903846153846154 0.03125 0.03125
0 0.8461538461538461 0.15264423076923078 0.027644230769230768 0.03125
0 0.5348557692307693 0.25961538461538464 0.02403846153846154 0.03485576923076923
0 0.59375 0.26802884615384615 0.03125 0.03485576923076923
0 0.6538461538461539 0.26802884615384615 0.027644230769230768 0.04326923076923077
0 0.7055288461538461 0.2692307692307692 0.027644230769230768 0.03125
0 0.7716346153846154 0.27403846153846156 0.027644230769230768 0.03125
0 0.8245192307692307 0.27524038461538464 0.02403846153846154 0.027644230769230768
0 0.8810096153846154 0.27403846153846156 0.027644230769230768 0.03125
0 0.9399038461538461 0.27884615384615385 0.027644230769230768 0.027644230769230768
0 0.3245192307692308 0.3942307692307692 0.03125 0.03125
0 0.35336538461538464 0.359375 0.04326923076923077 0.03125
0 0.38221153846153844 0.39903846153846156 0.03125 0.038461538461538464
0 0.41225961538461536 0.3629807692307692 0.027644230769230768 0.03125
0 0.4375 0.39663461538461536 0.03125 0.03485576923076923
0 0.47475961538461536 0.36778846153846156 0.019230769230769232 0.03125
0 0.5024038461538461 0.4026442307692308 0.027644230769230768 0.038461538461538464
0 0.53125 0.36899038461538464 0.03125 0.03485576923076923
0 0.5588942307692307 0.40625 0.02403846153846154 0.03125
0 0.5865384615384616 0.375 0.03125 0.03125
0 0.6213942307692307 0.40625 0.03125 0.03125
0 0.65625 0.37259615384615385 0.02403846153846154 0.03485576923076923
0 0.6838942307692307 0.39903846153846156 0.02403846153846154 0.03125
0 0.7115384615384616 0.3713942307692308 0.03125 0.03125
0 0.7439903846153846 0.4098557692307692 0.027644230769230768 0.03125
0 0.7884615384615384 0.41586538461538464 0.038461538461538464 0.03485576923076923
0 0.828125 0.37740384615384615 0.02403846153846154 0.03485576923076923
0 0.859375 0.41586538461538464 0.02403846153846154 0.03485576923076923
0 0.9002403846153846 0.3786057692307692 0.03485576923076923 0.03125
0 0.9182692307692307 0.421875 0.02403846153846154 0.03125
0 0.9447115384615384 0.38822115384615385 0.03125 0.03485576923076923
0 0.34975961538461536 0.5276442307692307 0.04326923076923077 0.03125
0 0.3786057692307692 0.5 0.02403846153846154 0.03125
0 0.40625 0.5336538461538461 0.02403846153846154 0.027644230769230768
0 0.43509615384615385 0.5 0.027644230769230768 0.03125
0 0.47115384615384615 0.5240384615384616 0.019230769230769232 0.02403846153846154
0 0.4963942307692308 0.5036057692307693 0.02403846153846154 0.038461538461538464
0 0.5276442307692307 0.5288461538461539 0.03125 0.03485576923076923
0 0.5528846153846154 0.5060096153846154 0.027644230769230768 0.03485576923076923
0 0.5841346153846154 0.5432692307692307 0.027644230769230768 0.038461538461538464
0 0.6117788461538461 0.5060096153846154 0.027644230769230768 0.04326923076923077
0 0.6382211538461539 0.5432692307692307 0.027644230769230768 0.03125
0 0.671875 0.5120192307692307 0.02403846153846154 0.03125
0 0.6971153846153846 0.5504807692307693 0.03485576923076923 0.046875
0 0.7223557692307693 0.5096153846153846 0.03125 0.03485576923076923
0 0.7560096153846154 0.5504807692307693 0.03485576923076923 0.03125
0 0.78125 0.515625 0.03125 0.03125
0 0.8100961538461539 0.5552884615384616 0.03485576923076923 0.038461538461538464
0 0.8413461538461539 0.5240384615384616 0.03485576923076923 0.03125
0 0.8725961538461539 0.5528846153846154 0.03485576923076923 0.03485576923076923
0 0.9026442307692307 0.5252403846153846 0.03125 0.03485576923076923
0 0.9278846153846154 0.5649038461538461 0.03485576923076923 0.03485576923076923
0 0.9591346153846154 0.53125 0.027644230769230768 0.03125
0 0.9807692307692307 0.5697115384615384 0.03125 0.038461538461538464
0 0.390625 0.8461538461538461 0.02403846153846154 0.027644230769230768
0 0.421875 0.84375 0.02403846153846154 0.03125
0 0.45552884615384615 0.8473557692307693 0.019230769230769232 0.03125
0 0.5552884615384616 0.7716346153846154 0.03125 0.027644230769230768
0 0.6189903846153846 0.7848557692307693 0.019230769230769232 0.02403846153846154
0 0.6346153846153846 0.7836538461538461 0.019230769230769232 0.027644230769230768
0 0.6634615384615384 0.7716346153846154 0.02403846153846154 0.019230769230769232
0 0.6838942307692307 0.7908653846153846 0.015625 0.027644230769230768
0 0.6995192307692307 0.7680288461538461 0.015625 0.019230769230769232
0 0.7163461538461539 0.7932692307692307 0.019230769230769232 0.02403846153846154
0 0.7319711538461539 0.7692307692307693 0.019230769230769232 0.02403846153846154
0 0.7475961538461539 0.7908653846153846 0.019230769230769232 0.019230769230769232
0 0.7632211538461539 0.765625 0.019230769230769232 0.02403846153846154
0 0.7992788461538461 0.7716346153846154 0.019230769230769232 0.019230769230769232
0 0.8377403846153846 0.7692307692307693 0.019230769230769232 0.02403846153846154
0 0.8557692307692307 0.7932692307692307 0.015625 0.02403846153846154
0 0.8774038461538461 0.7740384615384616 0.019230769230769232 0.02403846153846154
0 0.9350961538461539 0.7944711538461539 0.027644230769230768 0.019230769230769232
0 0.953125 0.7752403846153846 0.02403846153846154 0.019230769230769232
0 0.984375 0.7752403846153846 0.02403846153846154 0.019230769230769232
0 0.9723557692307693 0.7992788461538461 0.02403846153846154 0.019230769230769232
0 0.8257211538461539 0.8569711538461539 0.027644230769230768 0.027644230769230768
0 0.8557692307692307 0.8569711538461539 0.02403846153846154 0.027644230769230768
0 0.8882211538461539 0.859375 0.019230769230769232 0.02403846153846154
0 0.921875 0.8629807692307693 0.02403846153846154 0.02403846153846154
0 0.9567307692307693 0.8629807692307693 0.02403846153846154 0.02403846153846154
0 0.9867788461538461 0.8617788461538461 0.019230769230769232 0.027644230769230768