0 0.390625 0.09615384615384616 0.02403846153846154 0.027644230769230768
0 0.421875 0.09375 0.02403846153846154 0.03125
0 0.45552884615384615 0.09735576923076923 0.019230769230769232 0.03125
0 0.5552884615384616 0.021634615384615384 0.03125 0.027644230769230768
0 0.6189903846153846 0.03485576923076923 0.019230769230769232 0.02403846153846154
0 0.6346153846153846 0.03365384615384615 0.019230769230769232 0.027644230769230768
0 0.6634615384615384 0.021634615384615384 0.02403846153846154 0.019230769230769232
0 0.6838942307692307 0.040865384615384616 0.015625 0.027644230769230768
0 0.6995192307692307 0.018028846153846152 0.015625 0.019230769230769232
0 0.7163461538461539 0.04326923076923077 0.019230769230769232 0.02403846153846154
0 0.7319711538461539 0.019230769230769232 0.019230769230769232 0.02403846153846154
0 0.7475961538461539 0.040865384615384616 0.019230769230769232 0.019230769230769232
0 0.7632211538461539 0.015625 0.019230769230769232 0.02403846153846154
0 0.7992788461538461 0.021634615384615384 0.019230769230769232 0.019230769230769232
0 0.8377403846153846 0.019230769230769232 0.019230769230769232 0.02403846153846154
0 0.8557692307692307 0.04326923076923077 0.015625 0.02403846153846154
0 0.8774038461538461 0.02403846153846154 0.019230769230769232 0.02403846153846154
0 0.9350961538461539 0.04447115384615385 0.027644230769230768 0.019230769230769232
0 0.953125 0.025240384615384616 0.02403846153846154 0.019230769230769232
0 0.984375 0.025240384615384616 0.02403846153846154 0.019230769230769232
0 0.9723557692307693 0.04927884615384615 0.02403846153846154 0.019230769230769232
0 0.8257211538461539 0.10697115384615384 0.027644230769230768 0.027644230769230768
0 0.8557692307692307 0.10697115384615384 0.02403846153846154 0.027644230769230768
0 0.8882211538461539 0.109375 0.019230769230769232 0.02403846153846154
0 0.921875 0.11298076923076923 0.02403846153846154 0.02403846153846154
0 0.9567307692307693 0.11298076923076923 0.02403846153846154 0.02403846153846154
0 0.9867788461538461 0.11177884615384616 0.019230769230769232 0.027644230769230768