0 0.10096153846153846 0.5120192307692307 0.02403846153846154 0.015625
0 0.1310096153846154 0.5060096153846154 0.019230769230769232 0.027644230769230768
0 0.15985576923076922 0.5096153846153846 0.02403846153846154 0.027644230769230768
0 0.19110576923076922 0.5096153846153846 0.02403846153846154 0.027644230769230768
0 0.22235576923076922 0.515625 0.03125 0.03125
0 0.27163461538461536 0.5180288461538461 0.027644230769230768 0.03485576923076923
0 0.36177884615384615 0.5216346153846154 0.027644230769230768 0.027644230769230768
0 0.41346153846153844 0.5240384615384616 0.03125 0.03125
0 0.47115384615384615 0.5276442307692307 0.027644230769230768 0.03125
0 0.15985576923076922 0.6346153846153846 0.02403846153846154 0.03485576923076923
0 0.21875 0.6430288461538461 0.03125 0.03485576923076923
0 0.27884615384615385 0.6430288461538461 0.027644230769230768 0.04326923076923077
0 0.33052884615384615 0.6442307692307693 0.027644230769230768 0.03125
0 0.39663461538461536 0.6490384615384616 0.027644230769230768 0.03125
0 0.4495192307692308 0.6502403846153846 0.02403846153846154 0.027644230769230768
0 0.5060096153846154 0.6490384615384616 0.027644230769230768 0.03125
0 0.5649038461538461 0.6538461538461539 0.027644230769230768 0.027644230769230768
0 0.01201923076923077 0.7740384615384616 0.02403846153846154 0.038461538461538464
0 0.037259615384615384 0.7379807692307693 0.027644230769230768 0.03125
0 0.0625 0.7716346153846154 0.03125 0.03485576923076923
0 0.09975961538461539 0.7427884615384616 0.019230769230769232 0.03125
0 0.12740384615384615 0.7776442307692307 0.027644230769230768 0.038461538461538464
0 0.15625 0.7439903846153846 0.03125 0.03485576923076923
0 0.18389423076923078 0.78125 0.02403846153846154 0.03125
0 0.21153846153846154 0.75 0.03125 0.03125
0 0.24639423076923078 0.78125 0.03125 0.03125
0 0.28125 0.7475961538461539 0.02403846153846154 0.03485576923076923
0 0.3088942307692308 0.7740384615384616 0.02403846153846154 0.03125
0 0.33653846153846156 0.7463942307692307 0.03125 0.03125
0 0.36899038461538464 0.7848557692307693 0.027644230769230768 0.03125
0 0.41346153846153844 0.7908653846153846 0.038461538461538464 0.03485576923076923
0 0.453125 0.7524038461538461 0.02403846153846154 0.03485576923076923
0 0.484375 0.7908653846153846 0.02403846153846154 0.03485576923076923
0 0.5252403846153846 0.7536057692307693 0.03485576923076923 0.03125
0 0.5432692307692307 0.796875 0.02403846153846154 0.03125
0 0.5697115384615384 0.7632211538461539 0.03125 0.03485576923076923
0 0.007211538461538462 0.8737980769230769 0.014423076923076924 0.03125
0 0.03125 0.9086538461538461 0.02403846153846154 0.027644230769230768
0 0.06009615384615385 0.875 0.027644230769230768 0.03125
0 0.09615384615384616 0.8990384615384616 0.019230769230769232 0.02403846153846154
0 0.12139423076923077 0.8786057692307693 0.02403846153846154 0.038461538461538464
0 0.15264423076923078 0.9038461538461539 0.03125 0.03485576923076923
0 0.1778846153846154 0.8810096153846154 0.027644230769230768 0.03485576923076923
0 0.2091346153846154 0.9182692307692307 0.027644230769230768 0.038461538461538464
0 0.23677884615384615 0.8810096153846154 0.027644230769230768 0.04326923076923077
0 0.26322115384615385 0.9182692307692307 0.027644230769230768 0.03125
0 0.296875 0.8870192307692307 0.02403846153846154 0.03125
0 0.32211538461538464 0.9254807692307693 0.03485576923076923 0.046875
0 0.3473557692307692 0.8846153846153846 0.03125 0.03485576923076923
0 0.38100961538461536 0.9254807692307693 0.03485576923076923 0.03125
0 0.40625 0.890625 0.03125 0.03125
0 0.43509615384615385 0.9302884615384616 0.03485576923076923 0.038461538461538464
0 0.46634615384615385 0.8990384615384616 0.03485576923076923 0.03125
0 0.49759615384615385 0.9278846153846154 0.03485576923076923 0.03485576923076923
0 0.5276442307692307 0.9002403846153846 0.03125 0.03485576923076923
0 0.5528846153846154 0.9399038461538461 0.03485576923076923 0.03485576923076923
0 0.5841346153846154 0.90625 0.027644230769230768 0.03125
0 0.6069711538461539 0.9447115384615384 0.03485576923076923 0.038461538461538464