0 0.015625 0.09615384615384616 0.02403846153846154 0.027644230769230768
0 0.046875 0.09375 0.02403846153846154 0.03125
0 0.08052884615384616 0.09735576923076923 0.019230769230769232 0.03125
0 0.18028846153846154 0.021634615384615384 0.03125 0.027644230769230768
0 0.2439903846153846 0.03485576923076923 0.019230769230769232 0.02403846153846154
0 0.25961538461538464 0.03365384615384615 0.019230769230769232 0.027644230769230768
0 0.28846153846153844 0.021634615384615384 0.02403846153846154 0.019230769230769232
0 0.3088942307692308 0.040865384615384616 0.015625 0.027644230769230768
0 0.3245192307692308 0.018028846153846152 0.015625 0.019230769230769232
0 0.34134615384615385 0.04326923076923077 0.019230769230769232 0.02403846153846154
0 0.35697115384615385 0.019230769230769232 0.019230769230769232 0.02403846153846154
0 0.37259615384615385 0.040865384615384616 0.019230769230769232 0.019230769230769232
0 0.38822115384615385 0.015625 0.019230769230769232 0.02403846153846154
0 0.42427884615384615 0.021634615384615384 0.019230769230769232 0.019230769230769232
0 0.46274038461538464 0.019230769230769232 0.019230769230769232 0.02403846153846154
0 0.4807692307692308 0.04326923076923077 0.015625 0.02403846153846154
0 0.5024038461538461 0.02403846153846154 0.019230769230769232 0.02403846153846154
0 0.5600961538461539 0.04447115384615385 0.027644230769230768 0.019230769230769232
0 0.578125 0.025240384615384616 0.02403846153846154 0.019230769230769232
0 0.609375 0.025240384615384616 0.02403846153846154 0.019230769230769232
0 0.5973557692307693 0.04927884615384615 0.02403846153846154 0.019230769230769232
0 0.45072115384615385 0.10697115384615384 0.027644230769230768 0.027644230769230768
0 0.4807692307692308 0.10697115384615384 0.02403846153846154 0.027644230769230768
0 0.5132211538461539 0.109375 0.019230769230769232 0.02403846153846154
0 0.546875 0.11298076923076923 0.02403846153846154 0.02403846153846154
0 0.5817307692307693 0.11298076923076923 0.02403846153846154 0.02403846153846154
0 0.6153846153846154 0.11177884615384616 0.027644230769230768 0.027644230769230768