0 0.038461538461538464 0.5240384615384616 0.03125 0.03125
0 0.09615384615384616 0.5276442307692307 0.027644230769230768 0.03125
0 0.021634615384615384 0.6490384615384616 0.027644230769230768 0.03125
0 0.07451923076923077 0.6502403846153846 0.02403846153846154 0.027644230769230768
0 0.1310096153846154 0.6490384615384616 0.027644230769230768 0.03125
0 0.18990384615384615 0.6538461538461539 0.027644230769230768 0.027644230769230768
0 0.038461538461538464 0.7908653846153846 0.038461538461538464 0.03485576923076923
0 0.078125 0.7524038461538461 0.02403846153846154 0.03485576923076923
0 0.109375 0.7908653846153846 0.02403846153846154 0.03485576923076923
0 0.1502403846153846 0.7536057692307693 0.03485576923076923 0.03125
0 0.16826923076923078 0.796875 0.02403846153846154 0.03125
0 0.19471153846153846 0.7632211538461539 0.03125 0.03485576923076923
0 0.03125 0.890625 0.03125 0.03125
0 0.06009615384615385 0.9302884615384616 0.03485576923076923 0.038461538461538464
0 0.09134615384615384 0.8990384615384616 0.03485576923076923 0.03125
0 0.12259615384615384 0.9278846153846154 0.03485576923076923 0.03485576923076923
0 0.15264423076923078 0.9002403846153846 0.03125 0.03485576923076923
0 0.1778846153846154 0.9399038461538461 0.03485576923076923 0.03485576923076923
0 0.2091346153846154 0.90625 0.027644230769230768 0.03125
0 0.23197115384615385 0.9447115384615384 0.03485576923076923 0.038461538461538464