0 0.038461538461538464 0.14903846153846154 0.03125 0.03125
0 0.09615384615384616 0.15264423076923078 0.027644230769230768 0.03125
0 0.021634615384615384 0.27403846153846156 0.027644230769230768 0.03125
0 0.07451923076923077 0.27524038461538464 0.02403846153846154 0.027644230769230768
0 0.1310096153846154 0.27403846153846156 0.027644230769230768 0.03125
0 0.18990384615384615 0.27884615384615385 0.027644230769230768 0.027644230769230768
0 0.038461538461538464 0.41586538461538464 0.038461538461538464 0.03485576923076923
0 0.078125 0.37740384615384615 0.02403846153846154 0.03485576923076923
0 0.109375 0.41586538461538464 0.02403846153846154 0.03485576923076923
0 0.1502403846153846 0.3786057692307692 0.03485576923076923 0.03125
0 0.16826923076923078 0.421875 0.02403846153846154 0.03125
0 0.19471153846153846 0.38822115384615385 0.03125 0.03485576923076923
0 0.01201923076923077 0.5504807692307693 0.02403846153846154 0.03125
0 0.03125 0.515625 0.03125 0.03125
0 0.06009615384615385 0.5552884615384616 0.03485576923076923 0.038461538461538464
0 0.09134615384615384 0.5240384615384616 0.03485576923076923 0.03125
0 0.12259615384615384 0.5528846153846154 0.03485576923076923 0.03485576923076923
0 0.15264423076923078 0.5252403846153846 0.03125 0.03485576923076923
0 0.1778846153846154 0.5649038461538461 0.03485576923076923 0.03485576923076923
0 0.2091346153846154 0.53125 0.027644230769230768 0.03125
0 0.23197115384615385 0.5697115384615384 0.03485576923076923 0.038461538461538464
0 0.013221153846153846 0.765625 0.019230769230769232 0.02403846153846154
0 0.04927884615384615 0.7716346153846154 0.019230769230769232 0.019230769230769232
0 0.08774038461538461 0.7692307692307693 0.019230769230769232 0.02403846153846154
0 0.10576923076923077 0.7932692307692307 0.015625 0.02403846153846154
0 0.12740384615384615 0.7740384615384616 0.019230769230769232 0.02403846153846154
0 0.18509615384615385 0.7944711538461539 0.027644230769230768 0.019230769230769232
0 0.203125 0.7752403846153846 0.02403846153846154 0.019230769230769232
0 0.234375 0.7752403846153846 0.02403846153846154 0.019230769230769232
0 0.22235576923076922 0.7992788461538461 0.02403846153846154 0.019230769230769232
0 0.07572115384615384 0.8569711538461539 0.027644230769230768 0.027644230769230768
0 0.10576923076923077 0.8569711538461539 0.02403846153846154 0.027644230769230768
0 0.13822115384615385 0.859375 0.019230769230769232 0.02403846153846154
0 0.171875 0.8629807692307693 0.02403846153846154 0.02403846153846154
0 0.20673076923076922 0.8629807692307693 0.02403846153846154 0.02403846153846154
0 0.2403846153846154 0.8617788461538461 0.027644230769230768 0.027644230769230768