0 0.013221153846153846 0.015625 0.019230769230769232 0.02403846153846154
0 0.04927884615384615 0.021634615384615384 0.019230769230769232 0.019230769230769232
0 0.08774038461538461 0.019230769230769232 0.019230769230769232 0.02403846153846154
0 0.10576923076923077 0.04326923076923077 0.015625 0.02403846153846154
0 0.12740384615384615 0.02403846153846154 0.019230769230769232 0.02403846153846154
0 0.18509615384615385 0.04447115384615385 0.027644230769230768 0.019230769230769232
0 0.203125 0.025240384615384616 0.02403846153846154 0.019230769230769232
0 0.234375 0.025240384615384616 0.02403846153846154 0.019230769230769232
0 0.22235576923076922 0.04927884615384615 0.02403846153846154 0.019230769230769232
0 0.07572115384615384 0.10697115384615384 0.027644230769230768 0.027644230769230768
0 0.10576923076923077 0.10697115384615384 0.02403846153846154 0.027644230769230768
0 0.13822115384615385 0.109375 0.019230769230769232 0.02403846153846154
0 0.171875 0.11298076923076923 0.02403846153846154 0.02403846153846154
0 0.20673076923076922 0.11298076923076923 0.02403846153846154 0.02403846153846154
0 0.2403846153846154 0.11177884615384616 0.027644230769230768 0.027644230769230768